data = [...
   6.2358e-06  3.2269e-01  1.8470e+00  -7.7093e+00  2.5649e-01  7.8355e-06  2.0084e-01  ;...
   1.2550e-05  3.2269e-01  1.8470e+00  -7.7093e+00  2.5649e-01  1.1680e-05  2.0084e-01  ;...
   1.8944e-05  3.2269e-01  1.8470e+00  -7.7093e+00  2.5649e-01  1.5475e-05  2.0084e-01  ;...
   2.5418e-05  3.2269e-01  1.8470e+00  -7.7093e+00  2.5649e-01  1.9223e-05  2.0084e-01  ;...
   3.1973e-05  3.2269e-01  1.8470e+00  -7.7093e+00  2.5649e-01  2.4451e-05  2.0084e-01  ;...
   3.8611e-05  3.2269e-01  1.8470e+00  -7.7093e+00  2.5649e-01  3.0371e-05  2.0084e-01  ;...
   4.5333e-05  3.2269e-01  1.8470e+00  -7.7093e+00  2.5649e-01  3.5568e-05  2.0084e-01  ;...
   5.2139e-05  3.2269e-01  1.8470e+00  -7.7093e+00  2.5649e-01  4.1233e-05  2.0084e-01  ;...
   5.9030e-05  3.2269e-01  1.8470e+00  -7.7093e+00  2.5649e-01  4.6352e-05  2.0084e-01  ;...
   6.6008e-05  3.2269e-01  1.8470e+00  -7.7093e+00  2.5649e-01  5.1815e-05  2.0084e-01  ;...
   7.3074e-05  3.2269e-01  1.8470e+00  -7.7093e+00  2.5649e-01  5.6834e-05  2.0084e-01  ;...
   8.0229e-05  3.2269e-01  1.8470e+00  -7.7093e+00  2.5649e-01  6.2728e-05  2.0084e-01  ;...
   8.7474e-05  3.2269e-01  1.8470e+00  -7.7093e+00  2.5649e-01  6.8145e-05  2.0084e-01  ;...
   9.4810e-05  3.2269e-01  1.8470e+00  -7.7093e+00  2.5649e-01  7.4210e-05  2.0084e-01  ;...
   1.0224e-04  3.2269e-01  1.8470e+00  -7.7093e+00  2.5649e-01  7.9810e-05  2.0084e-01  ;...
   1.0976e-04  3.2269e-01  1.8470e+00  -7.7093e+00  2.5649e-01  8.5915e-05  2.0084e-01  ;...
   1.1738e-04  3.2269e-01  1.8470e+00  -7.7093e+00  2.5649e-01  9.1579e-05  2.0084e-01  ;...
   1.2509e-04  3.2269e-01  1.8470e+00  -7.7093e+00  2.5649e-01  9.7651e-05  2.0084e-01  ;...
   1.3290e-04  3.2269e-01  1.8470e+00  -7.7093e+00  2.5649e-01  1.0405e-04  2.0084e-01  ;...
   1.4081e-04  3.2269e-01  1.8470e+00  -7.7093e+00  2.5649e-01  1.1000e-04  2.0084e-01  ;...
   1.4881e-04  3.2269e-01  1.8470e+00  -7.7093e+00  2.5649e-01  1.1623e-04  2.0084e-01  ;...
   1.5692e-04  3.2269e-01  1.8470e+00  -7.7093e+00  2.5649e-01  1.2268e-04  2.0084e-01  ;...
   1.6513e-04  3.2269e-01  1.8470e+00  -7.7093e+00  2.5649e-01  1.2901e-04  2.0084e-01  ;...
   1.7344e-04  3.2269e-01  1.8470e+00  -7.7093e+00  2.5649e-01  1.3550e-04  2.0084e-01  ;...
   1.8186e-04  3.2269e-01  1.8470e+00  -7.7093e+00  2.5649e-01  1.4213e-04  2.0084e-01  ;...
   1.9038e-04  3.2269e-01  1.8470e+00  -7.7093e+00  2.5649e-01  1.4885e-04  2.0084e-01  ;...
   1.9901e-04  3.2269e-01  1.8470e+00  -7.7093e+00  2.5649e-01  1.5565e-04  2.0084e-01  ;...
   2.0775e-04  3.2269e-01  1.8470e+00  -7.7093e+00  2.5649e-01  1.6251e-04  2.0084e-01  ;...
   2.1660e-04  3.2269e-01  1.8470e+00  -7.7093e+00  2.5649e-01  1.6941e-04  2.0084e-01  ;...
   2.2556e-04  3.2269e-01  1.8470e+00  -7.7093e+00  2.5649e-01  1.7632e-04  2.0084e-01  ;...
   2.3464e-04  3.2269e-01  1.8470e+00  -7.7093e+00  2.5649e-01  1.8346e-04  2.0084e-01  ;...
   2.4382e-04  3.2269e-01  1.8470e+00  -7.7093e+00  2.5649e-01  1.9057e-04  2.0084e-01  ;...
   2.5312e-04  3.2269e-01  1.8470e+00  -7.7093e+00  2.5649e-01  1.9785e-04  2.0084e-01  ;...
   2.6254e-04  3.2269e-01  1.8470e+00  -7.7093e+00  2.5649e-01  2.0527e-04  2.0084e-01  ;...
   2.7208e-04  3.2269e-01  1.8470e+00  -7.7093e+00  2.5649e-01  2.1280e-04  2.0084e-01  ;...
   2.8174e-04  3.2269e-01  1.8470e+00  -7.7093e+00  2.5649e-01  2.2025e-04  2.0084e-01  ;...
   2.9152e-04  3.2269e-01  1.8470e+00  -7.7093e+00  2.5649e-01  2.2794e-04  2.0084e-01  ;...
   3.0142e-04  3.2269e-01  1.8470e+00  -7.7093e+00  2.5649e-01  2.3569e-04  2.0084e-01  ;...
   3.1145e-04  3.2269e-01  1.8470e+00  -7.7093e+00  2.5649e-01  2.4348e-04  2.0084e-01  ;...
   3.2160e-04  3.2269e-01  1.8470e+00  -7.7093e+00  2.5649e-01  2.5144e-04  2.0084e-01  ;...
   3.3188e-04  3.2269e-01  1.8470e+00  -7.7093e+00  2.5649e-01  2.5955e-04  2.0084e-01  ;...
   3.4230e-04  3.2269e-01  1.8470e+00  -7.7093e+00  2.5649e-01  2.6764e-04  2.0084e-01  ;...
   3.5284e-04  3.2269e-01  1.8470e+00  -7.7093e+00  2.5649e-01  2.7585e-04  2.0084e-01  ;...
   3.6351e-04  3.2269e-01  1.8470e+00  -7.7093e+00  2.5649e-01  2.8428e-04  2.0084e-01  ;...
   3.7432e-04  3.2269e-01  1.8470e+00  -7.7093e+00  2.5649e-01  2.9265e-04  2.0084e-01  ;...
   3.8526e-04  3.2269e-01  1.8470e+00  -7.7093e+00  2.5649e-01  3.0121e-04  2.0084e-01  ;...
   3.9634e-04  3.2269e-01  1.8470e+00  -7.7093e+00  2.5649e-01  3.0992e-04  2.0084e-01  ;...
   4.0757e-04  3.2269e-01  1.8470e+00  -7.7093e+00  2.5649e-01  3.1865e-04  2.0084e-01  ;...
   4.1893e-04  3.2269e-01  1.8470e+00  -7.7093e+00  2.5649e-01  3.2750e-04  2.0084e-01  ;...
   4.3043e-04  3.2269e-01  1.8470e+00  -7.7093e+00  2.5649e-01  3.3657e-04  2.0084e-01  ;...
   4.4208e-04  3.2269e-01  1.8470e+00  -7.7093e+00  2.5649e-01  3.4560e-04  2.0084e-01  ;...
   4.5388e-04  3.2269e-01  1.8470e+00  -7.7093e+00  2.5649e-01  3.5492e-04  2.0084e-01  ;...
   4.6582e-04  3.2269e-01  1.8470e+00  -7.7093e+00  2.5649e-01  3.6418e-04  2.0084e-01  ;...
   4.7792e-04  3.2269e-01  1.8470e+00  -7.7093e+00  2.5649e-01  3.7367e-04  2.0084e-01  ;...
   4.9017e-04  3.2269e-01  1.8470e+00  -7.7093e+00  2.5649e-01  3.8327e-04  2.0084e-01  ;...
   5.0257e-04  3.2269e-01  1.8470e+00  -7.7093e+00  2.5649e-01  3.9297e-04  2.0084e-01  ;...
   5.1513e-04  3.2269e-01  1.8470e+00  -7.7093e+00  2.5649e-01  4.0274e-04  2.0084e-01  ;...
   5.2784e-04  3.2269e-01  1.8470e+00  -7.7093e+00  2.5649e-01  4.1275e-04  2.0084e-01  ;...
   5.4072e-04  3.2269e-01  1.8470e+00  -7.7093e+00  2.5649e-01  4.2280e-04  2.0084e-01  ;...
   5.5375e-04  3.2269e-01  1.8470e+00  -7.7093e+00  2.5649e-01  4.3297e-04  2.0084e-01  ;...
   5.6695e-04  3.2269e-01  1.8470e+00  -7.7093e+00  2.5649e-01  4.4331e-04  2.0084e-01  ;...
   5.8032e-04  3.2269e-01  1.8470e+00  -7.7093e+00  2.5649e-01  4.5373e-04  2.0084e-01  ;...
   5.9386e-04  3.2269e-01  1.8470e+00  -7.7093e+00  2.5649e-01  4.6437e-04  2.0084e-01  ;...
   6.0756e-04  3.2269e-01  1.8470e+00  -7.7093e+00  2.5649e-01  4.7504e-04  2.0084e-01  ;...
   6.2144e-04  3.2269e-01  1.8470e+00  -7.7093e+00  2.5649e-01  4.8590e-04  2.0084e-01  ;...
   6.3549e-04  3.2269e-01  1.8470e+00  -7.7093e+00  2.5649e-01  4.9691e-04  2.0084e-01  ;...
   6.4972e-04  3.2269e-01  1.8470e+00  -7.7093e+00  2.5649e-01  5.0799e-04  2.0084e-01  ;...
   6.6413e-04  3.2269e-01  1.8470e+00  -7.7093e+00  2.5649e-01  5.1926e-04  2.0084e-01  ;...
   6.7872e-04  3.2269e-01  1.8470e+00  -7.7093e+00  2.5649e-01  5.3070e-04  2.0084e-01  ;...
   6.9349e-04  3.2270e-01  1.8470e+00  -7.7093e+00  2.5649e-01  5.4222e-04  2.0084e-01  ;...
   7.0845e-04  3.2270e-01  1.8470e+00  -7.7093e+00  2.5649e-01  5.5395e-04  2.0084e-01  ;...
   7.2360e-04  3.2270e-01  1.8470e+00  -7.7093e+00  2.5649e-01  5.6578e-04  2.0084e-01  ;...
   7.3894e-04  3.2270e-01  1.8470e+00  -7.7093e+00  2.5649e-01  5.7778e-04  2.0084e-01  ;...
   7.5447e-04  3.2270e-01  1.8470e+00  -7.7093e+00  2.5649e-01  5.8991e-04  2.0084e-01  ;...
   7.7019e-04  3.2270e-01  1.8470e+00  -7.7093e+00  2.5649e-01  6.0223e-04  2.0084e-01  ;...
   7.8612e-04  3.2270e-01  1.8470e+00  -7.7093e+00  2.5649e-01  6.1464e-04  2.0084e-01  ;...
   8.0224e-04  3.2270e-01  1.8470e+00  -7.7093e+00  2.5649e-01  6.2726e-04  2.0084e-01  ;...
   8.1857e-04  3.2270e-01  1.8470e+00  -7.7093e+00  2.5649e-01  6.4006e-04  2.0084e-01  ;...
   8.3510e-04  3.2270e-01  1.8470e+00  -7.7093e+00  2.5649e-01  6.5295e-04  2.0084e-01  ;...
   8.5184e-04  3.2270e-01  1.8470e+00  -7.7093e+00  2.5649e-01  6.6605e-04  2.0084e-01  ;...
   8.6879e-04  3.2270e-01  1.8470e+00  -7.7093e+00  2.5649e-01  6.7932e-04  2.0084e-01  ;...
   8.8595e-04  3.2270e-01  1.8470e+00  -7.7093e+00  2.5649e-01  6.9274e-04  2.0084e-01  ;...
   9.0333e-04  3.2270e-01  1.8470e+00  -7.7093e+00  2.5649e-01  7.0629e-04  2.0084e-01  ;...
   9.2093e-04  3.2270e-01  1.8470e+00  -7.7093e+00  2.5649e-01  7.2007e-04  2.0084e-01  ;...
   9.3875e-04  3.2270e-01  1.8470e+00  -7.7093e+00  2.5649e-01  7.3398e-04  2.0084e-01  ;...
   9.5679e-04  3.2270e-01  1.8470e+00  -7.7093e+00  2.5649e-01  7.4813e-04  2.0084e-01  ;...
   9.7507e-04  3.2270e-01  1.8470e+00  -7.7093e+00  2.5649e-01  7.6237e-04  2.0084e-01  ;...
   9.9357e-04  3.2270e-01  1.8470e+00  -7.7093e+00  2.5649e-01  7.7684e-04  2.0084e-01  ;...
   1.0123e-03  3.2270e-01  1.8470e+00  -7.7093e+00  2.5649e-01  7.9152e-04  2.0084e-01  ;...
   1.0313e-03  3.2270e-01  1.8470e+00  -7.7093e+00  2.5649e-01  8.0634e-04  2.0084e-01  ;...
   1.0505e-03  3.2270e-01  1.8470e+00  -7.7093e+00  2.5649e-01  8.2136e-04  2.0084e-01  ;...
   1.0699e-03  3.2270e-01  1.8470e+00  -7.7093e+00  2.5649e-01  8.3657e-04  2.0084e-01  ;...
   1.0896e-03  3.2270e-01  1.8470e+00  -7.7093e+00  2.5649e-01  8.5195e-04  2.0084e-01  ;...
   1.1096e-03  3.2270e-01  1.8470e+00  -7.7093e+00  2.5649e-01  8.6755e-04  2.0084e-01  ;...
   1.1298e-03  3.2270e-01  1.8470e+00  -7.7093e+00  2.5649e-01  8.8335e-04  2.0084e-01  ;...
   1.1502e-03  3.2270e-01  1.8470e+00  -7.7093e+00  2.5649e-01  8.9934e-04  2.0084e-01  ;...
   1.1709e-03  3.2270e-01  1.8470e+00  -7.7093e+00  2.5649e-01  9.1553e-04  2.0084e-01  ;...
   1.1919e-03  3.2270e-01  1.8470e+00  -7.7093e+00  2.5649e-01  9.3189e-04  2.0084e-01  ;...
   1.2131e-03  3.2270e-01  1.8470e+00  -7.7093e+00  2.5649e-01  9.4849e-04  2.0084e-01  ;...
   1.2346e-03  3.2270e-01  1.8470e+00  -7.7093e+00  2.5649e-01  9.6530e-04  2.0084e-01  ;...
   1.2564e-03  3.2270e-01  1.8470e+00  -7.7093e+00  2.5649e-01  9.8234e-04  2.0084e-01  ;...
   1.2784e-03  3.2270e-01  1.8470e+00  -7.7093e+00  2.5649e-01  9.9957e-04  2.0084e-01  ;...
   1.3007e-03  3.2270e-01  1.8470e+00  -7.7093e+00  2.5649e-01  1.0170e-03  2.0084e-01  ;...
   1.3233e-03  3.2270e-01  1.8470e+00  -7.7093e+00  2.5649e-01  1.0347e-03  2.0084e-01  ;...
   1.3462e-03  3.2270e-01  1.8470e+00  -7.7093e+00  2.5649e-01  1.0526e-03  2.0084e-01  ;...
   1.3694e-03  3.2270e-01  1.8470e+00  -7.7093e+00  2.5649e-01  1.0707e-03  2.0084e-01  ;...
   1.3928e-03  3.2270e-01  1.8470e+00  -7.7093e+00  2.5649e-01  1.0890e-03  2.0084e-01  ;...
   1.4166e-03  3.2270e-01  1.8470e+00  -7.7093e+00  2.5649e-01  1.1076e-03  2.0084e-01  ;...
   1.4406e-03  3.2270e-01  1.8470e+00  -7.7093e+00  2.5649e-01  1.1264e-03  2.0084e-01  ;...
   1.4650e-03  3.2270e-01  1.8470e+00  -7.7093e+00  2.5649e-01  1.1454e-03  2.0084e-01  ;...
   1.4896e-03  3.2270e-01  1.8470e+00  -7.7093e+00  2.5649e-01  1.1647e-03  2.0084e-01  ;...
   1.5146e-03  3.2270e-01  1.8470e+00  -7.7093e+00  2.5649e-01  1.1843e-03  2.0084e-01  ;...
   1.5399e-03  3.2270e-01  1.8470e+00  -7.7093e+00  2.5649e-01  1.2040e-03  2.0084e-01  ;...
   1.5655e-03  3.2270e-01  1.8470e+00  -7.7093e+00  2.5649e-01  1.2240e-03  2.0084e-01  ;...
   1.5914e-03  3.2270e-01  1.8470e+00  -7.7093e+00  2.5649e-01  1.2443e-03  2.0084e-01  ;...
   1.6177e-03  3.2270e-01  1.8470e+00  -7.7093e+00  2.5649e-01  1.2648e-03  2.0084e-01  ;...
   1.6443e-03  3.2270e-01  1.8470e+00  -7.7093e+00  2.5649e-01  1.2856e-03  2.0084e-01  ;...
   1.6712e-03  3.2270e-01  1.8470e+00  -7.7093e+00  2.5649e-01  1.3067e-03  2.0084e-01  ;...
   1.6984e-03  3.2270e-01  1.8470e+00  -7.7093e+00  2.5649e-01  1.3280e-03  2.0084e-01  ;...
   1.7260e-03  3.2270e-01  1.8470e+00  -7.7093e+00  2.5650e-01  1.3496e-03  2.0084e-01  ;...
   1.7540e-03  3.2270e-01  1.8470e+00  -7.7093e+00  2.5650e-01  1.3714e-03  2.0084e-01  ;...
   1.7823e-03  3.2270e-01  1.8470e+00  -7.7093e+00  2.5650e-01  1.3935e-03  2.0084e-01  ;...
   1.8109e-03  3.2270e-01  1.8470e+00  -7.7093e+00  2.5650e-01  1.4160e-03  2.0084e-01  ;...
   1.8400e-03  3.2270e-01  1.8470e+00  -7.7093e+00  2.5650e-01  1.4386e-03  2.0084e-01  ;...
   1.8693e-03  3.2270e-01  1.8470e+00  -7.7093e+00  2.5650e-01  1.4616e-03  2.0084e-01  ;...
   1.8991e-03  3.2270e-01  1.8470e+00  -7.7093e+00  2.5650e-01  1.4849e-03  2.0084e-01  ;...
   1.9292e-03  3.2270e-01  1.8470e+00  -7.7093e+00  2.5650e-01  1.5084e-03  2.0084e-01  ;...
   1.9597e-03  3.2271e-01  1.8470e+00  -7.7093e+00  2.5650e-01  1.5323e-03  2.0084e-01  ;...
   1.9906e-03  3.2271e-01  1.8470e+00  -7.7093e+00  2.5650e-01  1.5564e-03  2.0084e-01  ;...
   2.0219e-03  3.2271e-01  1.8470e+00  -7.7093e+00  2.5650e-01  1.5809e-03  2.0084e-01  ;...
   2.0535e-03  3.2271e-01  1.8470e+00  -7.7093e+00  2.5650e-01  1.6056e-03  2.0084e-01  ;...
   2.0856e-03  3.2271e-01  1.8470e+00  -7.7093e+00  2.5650e-01  1.6307e-03  2.0084e-01  ;...
   2.1181e-03  3.2271e-01  1.8470e+00  -7.7093e+00  2.5650e-01  1.6561e-03  2.0084e-01  ;...
   2.1510e-03  3.2271e-01  1.8470e+00  -7.7093e+00  2.5650e-01  1.6818e-03  2.0084e-01  ;...
   2.1843e-03  3.2271e-01  1.8470e+00  -7.7093e+00  2.5650e-01  1.7078e-03  2.0084e-01  ;...
   2.2180e-03  3.2271e-01  1.8470e+00  -7.7093e+00  2.5650e-01  1.7342e-03  2.0084e-01  ;...
   2.2521e-03  3.2271e-01  1.8470e+00  -7.7093e+00  2.5650e-01  1.7609e-03  2.0084e-01  ;...
   2.2867e-03  3.2271e-01  1.8470e+00  -7.7093e+00  2.5650e-01  1.7879e-03  2.0084e-01  ;...
   2.3217e-03  3.2271e-01  1.8470e+00  -7.7093e+00  2.5650e-01  1.8153e-03  2.0084e-01  ;...
   2.3571e-03  3.2271e-01  1.8470e+00  -7.7093e+00  2.5650e-01  1.8430e-03  2.0084e-01  ;...
   2.3930e-03  3.2271e-01  1.8470e+00  -7.7093e+00  2.5650e-01  1.8710e-03  2.0084e-01  ;...
   2.4293e-03  3.2271e-01  1.8470e+00  -7.7093e+00  2.5650e-01  1.8994e-03  2.0084e-01  ;...
   2.4661e-03  3.2271e-01  1.8470e+00  -7.7093e+00  2.5650e-01  1.9282e-03  2.0084e-01  ;...
   2.5034e-03  3.2271e-01  1.8470e+00  -7.7093e+00  2.5650e-01  1.9573e-03  2.0084e-01  ;...
   2.5411e-03  3.2271e-01  1.8470e+00  -7.7093e+00  2.5650e-01  1.9868e-03  2.0084e-01  ;...
   2.5793e-03  3.2271e-01  1.8470e+00  -7.7093e+00  2.5650e-01  2.0167e-03  2.0084e-01  ;...
   2.6180e-03  3.2271e-01  1.8470e+00  -7.7093e+00  2.5650e-01  2.0469e-03  2.0084e-01  ;...
   2.6571e-03  3.2271e-01  1.8470e+00  -7.7093e+00  2.5650e-01  2.0776e-03  2.0084e-01  ;...
   2.6968e-03  3.2272e-01  1.8470e+00  -7.7093e+00  2.5650e-01  2.1086e-03  2.0084e-01  ;...
   2.7369e-03  3.2272e-01  1.8470e+00  -7.7093e+00  2.5650e-01  2.1400e-03  2.0084e-01  ;...
   2.7776e-03  3.2272e-01  1.8470e+00  -7.7093e+00  2.5650e-01  2.1718e-03  2.0084e-01  ;...
   2.8188e-03  3.2272e-01  1.8470e+00  -7.7093e+00  2.5650e-01  2.2040e-03  2.0084e-01  ;...
   2.8605e-03  3.2272e-01  1.8470e+00  -7.7093e+00  2.5650e-01  2.2366e-03  2.0084e-01  ;...
   2.9027e-03  3.2272e-01  1.8470e+00  -7.7093e+00  2.5650e-01  2.2696e-03  2.0084e-01  ;...
   2.9454e-03  3.2272e-01  1.8470e+00  -7.7093e+00  2.5650e-01  2.3030e-03  2.0084e-01  ;...
   2.9887e-03  3.2272e-01  1.8470e+00  -7.7093e+00  2.5650e-01  2.3368e-03  2.0084e-01  ;...
   3.0326e-03  3.2272e-01  1.8470e+00  -7.7093e+00  2.5650e-01  2.3711e-03  2.0084e-01  ;...
   3.0769e-03  3.2272e-01  1.8470e+00  -7.7093e+00  2.5650e-01  2.4058e-03  2.0084e-01  ;...
   3.1219e-03  3.2272e-01  1.8470e+00  -7.7093e+00  2.5650e-01  2.4409e-03  2.0084e-01  ;...
   3.1674e-03  3.2272e-01  1.8470e+00  -7.7093e+00  2.5650e-01  2.4765e-03  2.0084e-01  ;...
   3.2135e-03  3.2272e-01  1.8470e+00  -7.7093e+00  2.5650e-01  2.5125e-03  2.0084e-01  ;...
   3.2601e-03  3.2273e-01  1.8470e+00  -7.7093e+00  2.5650e-01  2.5490e-03  2.0084e-01  ;...
   3.3074e-03  3.2273e-01  1.8470e+00  -7.7093e+00  2.5650e-01  2.5859e-03  2.0084e-01  ;...
   3.3552e-03  3.2273e-01  1.8470e+00  -7.7093e+00  2.5650e-01  2.6233e-03  2.0084e-01  ;...
   3.4036e-03  3.2273e-01  1.8470e+00  -7.7093e+00  2.5650e-01  2.6612e-03  2.0084e-01  ;...
   3.4527e-03  3.2273e-01  1.8470e+00  -7.7093e+00  2.5650e-01  2.6996e-03  2.0084e-01  ;...
   3.5023e-03  3.2273e-01  1.8470e+00  -7.7093e+00  2.5650e-01  2.7384e-03  2.0084e-01  ;...
   3.5526e-03  3.2273e-01  1.8470e+00  -7.7093e+00  2.5650e-01  2.7777e-03  2.0084e-01  ;...
   3.6036e-03  3.2273e-01  1.8470e+00  -7.7093e+00  2.5651e-01  2.8175e-03  2.0084e-01  ;...
   3.6551e-03  3.2273e-01  1.8470e+00  -7.7093e+00  2.5651e-01  2.8579e-03  2.0084e-01  ;...
   3.7073e-03  3.2274e-01  1.8470e+00  -7.7093e+00  2.5651e-01  2.8987e-03  2.0084e-01  ;...
   3.7602e-03  3.2274e-01  1.8470e+00  -7.7093e+00  2.5651e-01  2.9400e-03  2.0084e-01  ;...
   3.8137e-03  3.2274e-01  1.8470e+00  -7.7093e+00  2.5651e-01  2.9819e-03  2.0084e-01  ;...
   3.8679e-03  3.2274e-01  1.8470e+00  -7.7093e+00  2.5651e-01  3.0242e-03  2.0084e-01  ;...
   3.9228e-03  3.2274e-01  1.8470e+00  -7.7093e+00  2.5651e-01  3.0671e-03  2.0084e-01  ;...
   3.9784e-03  3.2274e-01  1.8470e+00  -7.7093e+00  2.5651e-01  3.1106e-03  2.0084e-01  ;...
   4.0347e-03  3.2274e-01  1.8470e+00  -7.7093e+00  2.5651e-01  3.1546e-03  2.0084e-01  ;...
   4.0917e-03  3.2274e-01  1.8470e+00  -7.7093e+00  2.5651e-01  3.1992e-03  2.0084e-01  ;...
   4.1494e-03  3.2275e-01  1.8470e+00  -7.7093e+00  2.5651e-01  3.2443e-03  2.0084e-01  ;...
   4.2078e-03  3.2275e-01  1.8470e+00  -7.7093e+00  2.5651e-01  3.2900e-03  2.0084e-01  ;...
   4.2670e-03  3.2275e-01  1.8470e+00  -7.7093e+00  2.5651e-01  3.3362e-03  2.0084e-01  ;...
   4.3269e-03  3.2275e-01  1.8470e+00  -7.7093e+00  2.5651e-01  3.3831e-03  2.0084e-01  ;...
   4.3875e-03  3.2275e-01  1.8470e+00  -7.7093e+00  2.5651e-01  3.4305e-03  2.0084e-01  ;...
   4.4490e-03  3.2275e-01  1.8470e+00  -7.7093e+00  2.5651e-01  3.4785e-03  2.0084e-01  ;...
   4.5112e-03  3.2275e-01  1.8470e+00  -7.7093e+00  2.5651e-01  3.5271e-03  2.0084e-01  ;...
   4.5741e-03  3.2276e-01  1.8470e+00  -7.7093e+00  2.5651e-01  3.5764e-03  2.0084e-01  ;...
   4.6379e-03  3.2276e-01  1.8470e+00  -7.7093e+00  2.5651e-01  3.6262e-03  2.0084e-01  ;...
   4.7025e-03  3.2276e-01  1.8470e+00  -7.7093e+00  2.5651e-01  3.6767e-03  2.0084e-01  ;...
   4.7679e-03  3.2276e-01  1.8470e+00  -7.7093e+00  2.5652e-01  3.7278e-03  2.0084e-01  ;...
   4.8341e-03  3.2276e-01  1.8470e+00  -7.7093e+00  2.5652e-01  3.7796e-03  2.0084e-01  ;...
   4.9011e-03  3.2277e-01  1.8470e+00  -7.7093e+00  2.5652e-01  3.8320e-03  2.0084e-01  ;...
   4.9690e-03  3.2277e-01  1.8470e+00  -7.7093e+00  2.5652e-01  3.8851e-03  2.0084e-01  ;...
   5.0377e-03  3.2277e-01  1.8470e+00  -7.7093e+00  2.5652e-01  3.9388e-03  2.0084e-01  ;...
   5.1073e-03  3.2277e-01  1.8470e+00  -7.7093e+00  2.5652e-01  3.9932e-03  2.0084e-01  ;...
   5.1778e-03  3.2277e-01  1.8470e+00  -7.7093e+00  2.5652e-01  4.0483e-03  2.0084e-01  ;...
   5.2492e-03  3.2278e-01  1.8470e+00  -7.7093e+00  2.5652e-01  4.1041e-03  2.0084e-01  ;...
   5.3214e-03  3.2278e-01  1.8470e+00  -7.7093e+00  2.5652e-01  4.1606e-03  2.0084e-01  ;...
   5.3946e-03  3.2278e-01  1.8470e+00  -7.7093e+00  2.5652e-01  4.2178e-03  2.0084e-01  ;...
   5.4687e-03  3.2278e-01  1.8470e+00  -7.7093e+00  2.5652e-01  4.2758e-03  2.0084e-01  ;...
   5.5437e-03  3.2279e-01  1.8470e+00  -7.7093e+00  2.5652e-01  4.3344e-03  2.0084e-01  ;...
   5.6197e-03  3.2279e-01  1.8470e+00  -7.7093e+00  2.5652e-01  4.3938e-03  2.0084e-01  ;...
   5.6966e-03  3.2279e-01  1.8470e+00  -7.7093e+00  2.5653e-01  4.4539e-03  2.0084e-01  ;...
   5.7745e-03  3.2279e-01  1.8470e+00  -7.7093e+00  2.5653e-01  4.5148e-03  2.0084e-01  ;...
   5.8534e-03  3.2280e-01  1.8470e+00  -7.7093e+00  2.5653e-01  4.5765e-03  2.0084e-01  ;...
   5.9332e-03  3.2280e-01  1.8470e+00  -7.7093e+00  2.5653e-01  4.6389e-03  2.0085e-01  ;...
   6.0141e-03  3.2280e-01  1.8470e+00  -7.7093e+00  2.5653e-01  4.7022e-03  2.0085e-01  ;...
   6.0960e-03  3.2281e-01  1.8470e+00  -7.7093e+00  2.5653e-01  4.7662e-03  2.0085e-01  ;...
   6.1789e-03  3.2281e-01  1.8470e+00  -7.7093e+00  2.5653e-01  4.8310e-03  2.0085e-01  ;...
   6.2629e-03  3.2281e-01  1.8470e+00  -7.7093e+00  2.5653e-01  4.8966e-03  2.0085e-01  ;...
   6.3479e-03  3.2282e-01  1.8470e+00  -7.7093e+00  2.5653e-01  4.9631e-03  2.0085e-01  ;...
   6.4340e-03  3.2282e-01  1.8470e+00  -7.7093e+00  2.5653e-01  5.0304e-03  2.0085e-01  ;...
   6.5211e-03  3.2282e-01  1.8470e+00  -7.7093e+00  2.5654e-01  5.0985e-03  2.0085e-01  ;...
   6.6094e-03  3.2283e-01  1.8470e+00  -7.7093e+00  2.5654e-01  5.1675e-03  2.0085e-01  ;...
   6.6988e-03  3.2283e-01  1.8470e+00  -7.7093e+00  2.5654e-01  5.2374e-03  2.0085e-01  ;...
   6.7892e-03  3.2283e-01  1.8470e+00  -7.7093e+00  2.5654e-01  5.3081e-03  2.0085e-01  ;...
   6.8809e-03  3.2284e-01  1.8470e+00  -7.7093e+00  2.5654e-01  5.3798e-03  2.0085e-01  ;...
   6.9737e-03  3.2284e-01  1.8470e+00  -7.7093e+00  2.5654e-01  5.4523e-03  2.0085e-01  ;...
   7.0676e-03  3.2284e-01  1.8470e+00  -7.7093e+00  2.5654e-01  5.5258e-03  2.0085e-01  ;...
   7.1628e-03  3.2285e-01  1.8470e+00  -7.7093e+00  2.5654e-01  5.6001e-03  2.0085e-01  ;...
   7.2591e-03  3.2285e-01  1.8470e+00  -7.7093e+00  2.5655e-01  5.6754e-03  2.0085e-01  ;...
   7.3566e-03  3.2286e-01  1.8470e+00  -7.7093e+00  2.5655e-01  5.7517e-03  2.0085e-01  ;...
   7.4554e-03  3.2286e-01  1.8470e+00  -7.7093e+00  2.5655e-01  5.8289e-03  2.0085e-01  ;...
   7.5554e-03  3.2287e-01  1.8470e+00  -7.7093e+00  2.5655e-01  5.9071e-03  2.0085e-01  ;...
   7.6567e-03  3.2287e-01  1.8470e+00  -7.7093e+00  2.5655e-01  5.9863e-03  2.0085e-01  ;...
   7.7592e-03  3.2288e-01  1.8470e+00  -7.7093e+00  2.5655e-01  6.0664e-03  2.0085e-01  ;...
   7.8631e-03  3.2288e-01  1.8470e+00  -7.7093e+00  2.5656e-01  6.1476e-03  2.0085e-01  ;...
   7.9682e-03  3.2288e-01  1.8470e+00  -7.7093e+00  2.5656e-01  6.2298e-03  2.0085e-01  ;...
   8.0747e-03  3.2289e-01  1.8470e+00  -7.7093e+00  2.5656e-01  6.3130e-03  2.0085e-01  ;...
   8.1825e-03  3.2290e-01  1.8470e+00  -7.7093e+00  2.5656e-01  6.3973e-03  2.0085e-01  ;...
   8.2916e-03  3.2290e-01  1.8470e+00  -7.7093e+00  2.5656e-01  6.4826e-03  2.0085e-01  ;...
   8.4022e-03  3.2291e-01  1.8470e+00  -7.7093e+00  2.5656e-01  6.5690e-03  2.0085e-01  ;...
   8.5141e-03  3.2291e-01  1.8470e+00  -7.7093e+00  2.5657e-01  6.6565e-03  2.0085e-01  ;...
   8.6274e-03  3.2292e-01  1.8470e+00  -7.7093e+00  2.5657e-01  6.7451e-03  2.0085e-01  ;...
   8.7422e-03  3.2292e-01  1.8470e+00  -7.7093e+00  2.5657e-01  6.8348e-03  2.0085e-01  ;...
   8.8584e-03  3.2293e-01  1.8470e+00  -7.7093e+00  2.5657e-01  6.9256e-03  2.0085e-01  ;...
   8.9760e-03  3.2294e-01  1.8470e+00  -7.7093e+00  2.5657e-01  7.0176e-03  2.0085e-01  ;...
   9.0952e-03  3.2294e-01  1.8470e+00  -7.7093e+00  2.5658e-01  7.1107e-03  2.0085e-01  ;...
   9.2158e-03  3.2295e-01  1.8470e+00  -7.7092e+00  2.5658e-01  7.2050e-03  2.0085e-01  ;...
   9.3380e-03  3.2296e-01  1.8470e+00  -7.7092e+00  2.5658e-01  7.3005e-03  2.0085e-01  ;...
   9.4617e-03  3.2296e-01  1.8470e+00  -7.7092e+00  2.5658e-01  7.3972e-03  2.0085e-01  ;...
   9.5869e-03  3.2297e-01  1.8470e+00  -7.7092e+00  2.5659e-01  7.4951e-03  2.0085e-01  ;...
   9.7137e-03  3.2298e-01  1.8470e+00  -7.7092e+00  2.5659e-01  7.5942e-03  2.0085e-01  ;...
   9.8422e-03  3.2299e-01  1.8470e+00  -7.7092e+00  2.5659e-01  7.6946e-03  2.0085e-01  ;...
   9.9722e-03  3.2299e-01  1.8470e+00  -7.7092e+00  2.5659e-01  7.7962e-03  2.0085e-01  ;...
   1.0104e-02  3.2300e-01  1.8470e+00  -7.7092e+00  2.5660e-01  7.8991e-03  2.0085e-01  ;...
   1.0237e-02  3.2301e-01  1.8470e+00  -7.7092e+00  2.5660e-01  8.0033e-03  2.0085e-01  ;...
   1.0372e-02  3.2302e-01  1.8470e+00  -7.7092e+00  2.5660e-01  8.1088e-03  2.0086e-01  ;...
   1.0509e-02  3.2303e-01  1.8470e+00  -7.7092e+00  2.5660e-01  8.2157e-03  2.0086e-01  ;...
   1.0647e-02  3.2304e-01  1.8470e+00  -7.7092e+00  2.5661e-01  8.3239e-03  2.0086e-01  ;...
   1.0787e-02  3.2304e-01  1.8470e+00  -7.7092e+00  2.5661e-01  8.4334e-03  2.0086e-01  ;...
   1.0929e-02  3.2305e-01  1.8470e+00  -7.7092e+00  2.5661e-01  8.5443e-03  2.0086e-01  ;...
   1.1073e-02  3.2306e-01  1.8470e+00  -7.7092e+00  2.5662e-01  8.6566e-03  2.0086e-01  ;...
   1.1219e-02  3.2307e-01  1.8470e+00  -7.7092e+00  2.5662e-01  8.7704e-03  2.0086e-01  ;...
   1.1366e-02  3.2308e-01  1.8470e+00  -7.7092e+00  2.5662e-01  8.8855e-03  2.0086e-01  ;...
   1.1515e-02  3.2309e-01  1.8470e+00  -7.7092e+00  2.5663e-01  9.0021e-03  2.0086e-01  ;...
   1.1666e-02  3.2310e-01  1.8470e+00  -7.7092e+00  2.5663e-01  9.1202e-03  2.0086e-01  ;...
   1.1819e-02  3.2311e-01  1.8470e+00  -7.7092e+00  2.5663e-01  9.2398e-03  2.0086e-01  ;...
   1.1974e-02  3.2313e-01  1.8470e+00  -7.7092e+00  2.5664e-01  9.3608e-03  2.0086e-01  ;...
   1.2131e-02  3.2314e-01  1.8470e+00  -7.7092e+00  2.5664e-01  9.4834e-03  2.0086e-01  ;...
   1.2290e-02  3.2315e-01  1.8470e+00  -7.7092e+00  2.5665e-01  9.6075e-03  2.0086e-01  ;...
   1.2451e-02  3.2316e-01  1.8470e+00  -7.7092e+00  2.5665e-01  9.7332e-03  2.0086e-01  ;...
   1.2613e-02  3.2317e-01  1.8470e+00  -7.7092e+00  2.5665e-01  9.8604e-03  2.0086e-01  ;...
   1.2778e-02  3.2319e-01  1.8470e+00  -7.7092e+00  2.5666e-01  9.9893e-03  2.0086e-01  ;...
   1.2945e-02  3.2320e-01  1.8470e+00  -7.7092e+00  2.5666e-01  1.0120e-02  2.0086e-01  ;...
   1.3114e-02  3.2321e-01  1.8470e+00  -7.7092e+00  2.5667e-01  1.0252e-02  2.0086e-01  ;...
   1.3286e-02  3.2323e-01  1.8470e+00  -7.7092e+00  2.5667e-01  1.0386e-02  2.0086e-01  ;...
   1.3459e-02  3.2324e-01  1.8470e+00  -7.7091e+00  2.5668e-01  1.0521e-02  2.0087e-01  ;...
   1.3634e-02  3.2325e-01  1.8470e+00  -7.7091e+00  2.5668e-01  1.0658e-02  2.0087e-01  ;...
   1.3812e-02  3.2327e-01  1.8470e+00  -7.7091e+00  2.5669e-01  1.0797e-02  2.0087e-01  ;...
   1.3992e-02  3.2328e-01  1.8470e+00  -7.7091e+00  2.5669e-01  1.0938e-02  2.0087e-01  ;...
   1.4174e-02  3.2330e-01  1.8470e+00  -7.7091e+00  2.5670e-01  1.1080e-02  2.0087e-01  ;...
   1.4359e-02  3.2331e-01  1.8470e+00  -7.7091e+00  2.5670e-01  1.1224e-02  2.0087e-01  ;...
   1.4546e-02  3.2333e-01  1.8470e+00  -7.7091e+00  2.5671e-01  1.1370e-02  2.0087e-01  ;...
   1.4735e-02  3.2335e-01  1.8470e+00  -7.7091e+00  2.5671e-01  1.1518e-02  2.0087e-01  ;...
   1.4927e-02  3.2336e-01  1.8470e+00  -7.7091e+00  2.5672e-01  1.1668e-02  2.0087e-01  ;...
   1.5121e-02  3.2338e-01  1.8470e+00  -7.7091e+00  2.5673e-01  1.1819e-02  2.0087e-01  ;...
   1.5317e-02  3.2340e-01  1.8470e+00  -7.7091e+00  2.5673e-01  1.1973e-02  2.0087e-01  ;...
   1.5516e-02  3.2342e-01  1.8470e+00  -7.7091e+00  2.5674e-01  1.2128e-02  2.0087e-01  ;...
   1.5717e-02  3.2344e-01  1.8470e+00  -7.7091e+00  2.5674e-01  1.2285e-02  2.0087e-01  ;...
   1.5921e-02  3.2346e-01  1.8470e+00  -7.7091e+00  2.5675e-01  1.2445e-02  2.0088e-01  ;...
   1.6128e-02  3.2348e-01  1.8470e+00  -7.7091e+00  2.5676e-01  1.2606e-02  2.0088e-01  ;...
   1.6337e-02  3.2350e-01  1.8470e+00  -7.7091e+00  2.5676e-01  1.2769e-02  2.0088e-01  ;...
   1.6549e-02  3.2352e-01  1.8470e+00  -7.7091e+00  2.5677e-01  1.2935e-02  2.0088e-01  ;...
   1.6763e-02  3.2354e-01  1.8470e+00  -7.7090e+00  2.5678e-01  1.3102e-02  2.0088e-01  ;...
   1.6980e-02  3.2356e-01  1.8470e+00  -7.7090e+00  2.5679e-01  1.3272e-02  2.0088e-01  ;...
   1.7200e-02  3.2358e-01  1.8470e+00  -7.7090e+00  2.5679e-01  1.3444e-02  2.0088e-01  ;...
   1.7422e-02  3.2361e-01  1.8470e+00  -7.7090e+00  2.5680e-01  1.3617e-02  2.0088e-01  ;...
   1.7648e-02  3.2363e-01  1.8470e+00  -7.7090e+00  2.5681e-01  1.3793e-02  2.0088e-01  ;...
   1.7876e-02  3.2366e-01  1.8470e+00  -7.7090e+00  2.5682e-01  1.3972e-02  2.0089e-01  ;...
   1.8107e-02  3.2368e-01  1.8470e+00  -7.7090e+00  2.5683e-01  1.4152e-02  2.0089e-01  ;...
   1.8341e-02  3.2371e-01  1.8470e+00  -7.7090e+00  2.5683e-01  1.4335e-02  2.0089e-01  ;...
   1.8578e-02  3.2373e-01  1.8470e+00  -7.7090e+00  2.5684e-01  1.4520e-02  2.0089e-01  ;...
   1.8818e-02  3.2376e-01  1.8470e+00  -7.7090e+00  2.5685e-01  1.4707e-02  2.0089e-01  ;...
   1.9061e-02  3.2379e-01  1.8470e+00  -7.7090e+00  2.5686e-01  1.4897e-02  2.0089e-01  ;...
   1.9307e-02  3.2382e-01  1.8470e+00  -7.7090e+00  2.5687e-01  1.5089e-02  2.0089e-01  ;...
   1.9556e-02  3.2385e-01  1.8470e+00  -7.7089e+00  2.5688e-01  1.5284e-02  2.0089e-01  ;...
   1.9808e-02  3.2388e-01  1.8470e+00  -7.7089e+00  2.5689e-01  1.5480e-02  2.0090e-01  ;...
   2.0064e-02  3.2391e-01  1.8470e+00  -7.7089e+00  2.5690e-01  1.5680e-02  2.0090e-01  ;...
   2.0322e-02  3.2394e-01  1.8470e+00  -7.7089e+00  2.5691e-01  1.5882e-02  2.0090e-01  ;...
   2.0584e-02  3.2397e-01  1.8470e+00  -7.7089e+00  2.5692e-01  1.6086e-02  2.0090e-01  ;...
   2.0849e-02  3.2400e-01  1.8470e+00  -7.7089e+00  2.5693e-01  1.6293e-02  2.0090e-01  ;...
   2.1118e-02  3.2404e-01  1.8470e+00  -7.7089e+00  2.5695e-01  1.6503e-02  2.0090e-01  ;...
   2.1390e-02  3.2407e-01  1.8470e+00  -7.7089e+00  2.5696e-01  1.6715e-02  2.0090e-01  ;...
   2.1665e-02  3.2411e-01  1.8470e+00  -7.7089e+00  2.5697e-01  1.6930e-02  2.0091e-01  ;...
   2.1944e-02  3.2414e-01  1.8470e+00  -7.7088e+00  2.5698e-01  1.7147e-02  2.0091e-01  ;...
   2.2226e-02  3.2418e-01  1.8470e+00  -7.7088e+00  2.5699e-01  1.7368e-02  2.0091e-01  ;...
   2.2512e-02  3.2422e-01  1.8470e+00  -7.7088e+00  2.5701e-01  1.7591e-02  2.0091e-01  ;...
   2.2801e-02  3.2426e-01  1.8470e+00  -7.7088e+00  2.5702e-01  1.7817e-02  2.0091e-01  ;...
   2.3094e-02  3.2430e-01  1.8470e+00  -7.7088e+00  2.5703e-01  1.8045e-02  2.0092e-01  ;...
   2.3391e-02  3.2434e-01  1.8470e+00  -7.7088e+00  2.5705e-01  1.8277e-02  2.0092e-01  ;...
   2.3691e-02  3.2438e-01  1.8470e+00  -7.7088e+00  2.5706e-01  1.8511e-02  2.0092e-01  ;...
   2.3996e-02  3.2443e-01  1.8470e+00  -7.7087e+00  2.5708e-01  1.8749e-02  2.0092e-01  ;...
   2.4304e-02  3.2447e-01  1.8470e+00  -7.7087e+00  2.5709e-01  1.8989e-02  2.0092e-01  ;...
   2.4616e-02  3.2452e-01  1.8470e+00  -7.7087e+00  2.5711e-01  1.9232e-02  2.0093e-01  ;...
   2.4931e-02  3.2456e-01  1.8470e+00  -7.7087e+00  2.5712e-01  1.9479e-02  2.0093e-01  ;...
   2.5251e-02  3.2461e-01  1.8470e+00  -7.7087e+00  2.5714e-01  1.9728e-02  2.0093e-01  ;...
   2.5575e-02  3.2466e-01  1.8470e+00  -7.7087e+00  2.5716e-01  1.9981e-02  2.0093e-01  ;...
   2.5903e-02  3.2471e-01  1.8470e+00  -7.7086e+00  2.5717e-01  2.0237e-02  2.0093e-01  ;...
   2.6235e-02  3.2477e-01  1.8470e+00  -7.7086e+00  2.5719e-01  2.0496e-02  2.0094e-01  ;...
   2.6571e-02  3.2482e-01  1.8470e+00  -7.7086e+00  2.5721e-01  2.0758e-02  2.0094e-01  ;...
   2.6912e-02  3.2487e-01  1.8470e+00  -7.7086e+00  2.5723e-01  2.1024e-02  2.0094e-01  ;...
   2.7257e-02  3.2493e-01  1.8470e+00  -7.7086e+00  2.5724e-01  2.1292e-02  2.0094e-01  ;...
   2.7606e-02  3.2499e-01  1.8470e+00  -7.7085e+00  2.5726e-01  2.1565e-02  2.0095e-01  ;...
   2.7959e-02  3.2505e-01  1.8470e+00  -7.7085e+00  2.5728e-01  2.1840e-02  2.0095e-01  ;...
   2.8317e-02  3.2511e-01  1.8470e+00  -7.7085e+00  2.5730e-01  2.2119e-02  2.0095e-01  ;...
   2.8679e-02  3.2517e-01  1.8470e+00  -7.7085e+00  2.5732e-01  2.2402e-02  2.0096e-01  ;...
   2.9046e-02  3.2523e-01  1.8470e+00  -7.7085e+00  2.5734e-01  2.2688e-02  2.0096e-01  ;...
   2.9418e-02  3.2530e-01  1.8470e+00  -7.7084e+00  2.5737e-01  2.2977e-02  2.0096e-01  ;...
   2.9794e-02  3.2536e-01  1.8470e+00  -7.7084e+00  2.5739e-01  2.3271e-02  2.0097e-01  ;...
   3.0175e-02  3.2543e-01  1.8470e+00  -7.7084e+00  2.5741e-01  2.3568e-02  2.0097e-01  ;...
   3.0561e-02  3.2550e-01  1.8470e+00  -7.7084e+00  2.5743e-01  2.3868e-02  2.0097e-01  ;...
   3.0952e-02  3.2558e-01  1.8470e+00  -7.7083e+00  2.5746e-01  2.4173e-02  2.0098e-01  ;...
   3.1347e-02  3.2565e-01  1.8470e+00  -7.7083e+00  2.5748e-01  2.4481e-02  2.0098e-01  ;...
   3.1748e-02  3.2573e-01  1.8470e+00  -7.7083e+00  2.5751e-01  2.4793e-02  2.0098e-01  ;...
   3.2153e-02  3.2580e-01  1.8470e+00  -7.7083e+00  2.5753e-01  2.5109e-02  2.0099e-01  ;...
   3.2564e-02  3.2588e-01  1.8470e+00  -7.7082e+00  2.5756e-01  2.5429e-02  2.0099e-01  ;...
   3.2980e-02  3.2596e-01  1.8470e+00  -7.7082e+00  2.5759e-01  2.5753e-02  2.0099e-01  ;...
   3.3401e-02  3.2605e-01  1.8470e+00  -7.7082e+00  2.5761e-01  2.6080e-02  2.0100e-01  ;...
   3.3827e-02  3.2613e-01  1.8470e+00  -7.7081e+00  2.5764e-01  2.6412e-02  2.0100e-01  ;...
   3.4259e-02  3.2622e-01  1.8470e+00  -7.7081e+00  2.5767e-01  2.6749e-02  2.0101e-01  ;...
   3.4696e-02  3.2631e-01  1.8470e+00  -7.7081e+00  2.5770e-01  2.7089e-02  2.0101e-01  ;...
   3.5139e-02  3.2641e-01  1.8470e+00  -7.7080e+00  2.5773e-01  2.7434e-02  2.0101e-01  ;...
   3.5587e-02  3.2650e-01  1.8470e+00  -7.7080e+00  2.5776e-01  2.7782e-02  2.0102e-01  ;...
   3.6041e-02  3.2660e-01  1.8470e+00  -7.7080e+00  2.5780e-01  2.8136e-02  2.0102e-01  ;...
   3.6501e-02  3.2670e-01  1.8470e+00  -7.7079e+00  2.5783e-01  2.8493e-02  2.0103e-01  ;...
   3.6966e-02  3.2680e-01  1.8470e+00  -7.7079e+00  2.5786e-01  2.8855e-02  2.0103e-01  ;...
   3.7437e-02  3.2691e-01  1.8470e+00  -7.7079e+00  2.5790e-01  2.9222e-02  2.0104e-01  ;...
   3.7914e-02  3.2701e-01  1.8470e+00  -7.7078e+00  2.5793e-01  2.9593e-02  2.0104e-01  ;...
   3.8397e-02  3.2712e-01  1.8470e+00  -7.7078e+00  2.5797e-01  2.9969e-02  2.0105e-01  ;...
   3.8887e-02  3.2724e-01  1.8470e+00  -7.7078e+00  2.5800e-01  3.0349e-02  2.0105e-01  ;...
   3.9382e-02  3.2735e-01  1.8470e+00  -7.7077e+00  2.5804e-01  3.0734e-02  2.0106e-01  ;...
   3.9884e-02  3.2747e-01  1.8470e+00  -7.7077e+00  2.5808e-01  3.1124e-02  2.0106e-01  ;...
   4.0391e-02  3.2760e-01  1.8470e+00  -7.7076e+00  2.5812e-01  3.1519e-02  2.0107e-01  ;...
   4.0906e-02  3.2772e-01  1.8469e+00  -7.7076e+00  2.5816e-01  3.1919e-02  2.0108e-01  ;...
   4.1427e-02  3.2785e-01  1.8469e+00  -7.7075e+00  2.5820e-01  3.2324e-02  2.0108e-01  ;...
   4.1954e-02  3.2798e-01  1.8469e+00  -7.7075e+00  2.5825e-01  3.2733e-02  2.0109e-01  ;...
   4.2488e-02  3.2812e-01  1.8469e+00  -7.7074e+00  2.5829e-01  3.3148e-02  2.0109e-01  ;...
   4.3028e-02  3.2825e-01  1.8469e+00  -7.7074e+00  2.5833e-01  3.3568e-02  2.0110e-01  ;...
   4.3576e-02  3.2840e-01  1.8469e+00  -7.7073e+00  2.5838e-01  3.3993e-02  2.0111e-01  ;...
   4.4130e-02  3.2854e-01  1.8469e+00  -7.7073e+00  2.5843e-01  3.4423e-02  2.0111e-01  ;...
   4.4692e-02  3.2869e-01  1.8469e+00  -7.7072e+00  2.5847e-01  3.4859e-02  2.0112e-01  ;...
   4.5260e-02  3.2884e-01  1.8469e+00  -7.7072e+00  2.5852e-01  3.5300e-02  2.0113e-01  ;...
   4.5836e-02  3.2900e-01  1.8469e+00  -7.7071e+00  2.5857e-01  3.5747e-02  2.0114e-01  ;...
   4.6418e-02  3.2916e-01  1.8469e+00  -7.7071e+00  2.5863e-01  3.6199e-02  2.0114e-01  ;...
   4.7008e-02  3.2933e-01  1.8469e+00  -7.7070e+00  2.5868e-01  3.6657e-02  2.0115e-01  ;...
   4.7606e-02  3.2949e-01  1.8469e+00  -7.7069e+00  2.5873e-01  3.7120e-02  2.0116e-01  ;...
   4.8211e-02  3.2967e-01  1.8469e+00  -7.7069e+00  2.5879e-01  3.7589e-02  2.0117e-01  ;...
   4.8824e-02  3.2984e-01  1.8469e+00  -7.7068e+00  2.5884e-01  3.8064e-02  2.0118e-01  ;...
   4.9444e-02  3.3003e-01  1.8469e+00  -7.7067e+00  2.5890e-01  3.8545e-02  2.0119e-01  ;...
   5.0072e-02  3.3021e-01  1.8469e+00  -7.7067e+00  2.5896e-01  3.9032e-02  2.0119e-01  ;...
   5.0708e-02  3.3040e-01  1.8469e+00  -7.7066e+00  2.5902e-01  3.9525e-02  2.0120e-01  ;...
   5.1352e-02  3.3060e-01  1.8469e+00  -7.7065e+00  2.5908e-01  4.0023e-02  2.0121e-01  ;...
   5.2004e-02  3.3080e-01  1.8469e+00  -7.7064e+00  2.5915e-01  4.0528e-02  2.0122e-01  ;...
   5.2665e-02  3.3101e-01  1.8469e+00  -7.7064e+00  2.5921e-01  4.1040e-02  2.0123e-01  ;...
   5.3334e-02  3.3122e-01  1.8469e+00  -7.7063e+00  2.5928e-01  4.1557e-02  2.0124e-01  ;...
   5.4011e-02  3.3144e-01  1.8469e+00  -7.7062e+00  2.5934e-01  4.2081e-02  2.0125e-01  ;...
   5.4696e-02  3.3166e-01  1.8469e+00  -7.7061e+00  2.5941e-01  4.2611e-02  2.0126e-01  ;...
   5.5390e-02  3.3189e-01  1.8469e+00  -7.7060e+00  2.5949e-01  4.3148e-02  2.0127e-01  ;...
   5.6093e-02  3.3212e-01  1.8469e+00  -7.7060e+00  2.5956e-01  4.3692e-02  2.0128e-01  ;...
   5.6805e-02  3.3236e-01  1.8469e+00  -7.7059e+00  2.5963e-01  4.4242e-02  2.0130e-01  ;...
   5.7526e-02  3.3260e-01  1.8469e+00  -7.7058e+00  2.5971e-01  4.4799e-02  2.0131e-01  ;...
   5.8256e-02  3.3285e-01  1.8469e+00  -7.7057e+00  2.5979e-01  4.5362e-02  2.0132e-01  ;...
   5.8995e-02  3.3311e-01  1.8469e+00  -7.7056e+00  2.5987e-01  4.5933e-02  2.0133e-01  ;...
   5.9743e-02  3.3338e-01  1.8468e+00  -7.7055e+00  2.5995e-01  4.6510e-02  2.0134e-01  ;...
   6.0501e-02  3.3365e-01  1.8468e+00  -7.7054e+00  2.6003e-01  4.7095e-02  2.0136e-01  ;...
   6.1268e-02  3.3392e-01  1.8468e+00  -7.7053e+00  2.6011e-01  4.7687e-02  2.0137e-01  ;...
   6.2045e-02  3.3421e-01  1.8468e+00  -7.7052e+00  2.6020e-01  4.8286e-02  2.0138e-01  ;...
   6.2832e-02  3.3450e-01  1.8468e+00  -7.7050e+00  2.6029e-01  4.8892e-02  2.0140e-01  ;...
   6.3628e-02  3.3480e-01  1.8468e+00  -7.7049e+00  2.6038e-01  4.9506e-02  2.0141e-01  ;...
   6.4435e-02  3.3511e-01  1.8468e+00  -7.7048e+00  2.6047e-01  5.0127e-02  2.0143e-01  ;...
   6.5251e-02  3.3542e-01  1.8468e+00  -7.7047e+00  2.6057e-01  5.0756e-02  2.0144e-01  ;...
   6.6078e-02  3.3574e-01  1.8468e+00  -7.7046e+00  2.6066e-01  5.1393e-02  2.0146e-01  ;...
   6.6916e-02  3.3607e-01  1.8468e+00  -7.7044e+00  2.6076e-01  5.2037e-02  2.0147e-01  ;...
   6.7764e-02  3.3641e-01  1.8468e+00  -7.7043e+00  2.6086e-01  5.2689e-02  2.0149e-01  ;...
   6.8622e-02  3.3676e-01  1.8468e+00  -7.7042e+00  2.6097e-01  5.3349e-02  2.0150e-01  ;...
   6.9492e-02  3.3711e-01  1.8468e+00  -7.7040e+00  2.6107e-01  5.4017e-02  2.0152e-01  ;...
   7.0372e-02  3.3747e-01  1.8468e+00  -7.7039e+00  2.6118e-01  5.4693e-02  2.0154e-01  ;...
   7.1264e-02  3.3785e-01  1.8468e+00  -7.7037e+00  2.6129e-01  5.5378e-02  2.0156e-01  ;...
   7.2166e-02  3.3823e-01  1.8468e+00  -7.7036e+00  2.6140e-01  5.6070e-02  2.0158e-01  ;...
   7.3080e-02  3.3862e-01  1.8467e+00  -7.7034e+00  2.6151e-01  5.6771e-02  2.0159e-01  ;...
   7.4006e-02  3.3902e-01  1.8467e+00  -7.7032e+00  2.6163e-01  5.7480e-02  2.0161e-01  ;...
   7.4943e-02  3.3944e-01  1.8467e+00  -7.7031e+00  2.6175e-01  5.8198e-02  2.0163e-01  ;...
   7.5892e-02  3.3986e-01  1.8467e+00  -7.7029e+00  2.6187e-01  5.8925e-02  2.0165e-01  ;...
   7.6852e-02  3.4029e-01  1.8467e+00  -7.7027e+00  2.6199e-01  5.9660e-02  2.0167e-01  ;...
   7.7825e-02  3.4073e-01  1.8467e+00  -7.7025e+00  2.6212e-01  6.0405e-02  2.0170e-01  ;...
   7.8811e-02  3.4119e-01  1.8467e+00  -7.7024e+00  2.6225e-01  6.1158e-02  2.0172e-01  ;...
   7.9808e-02  3.4165e-01  1.8467e+00  -7.7022e+00  2.6238e-01  6.1920e-02  2.0174e-01  ;...
   8.0818e-02  3.4213e-01  1.8467e+00  -7.7020e+00  2.6251e-01  6.2691e-02  2.0176e-01  ;...
   8.1841e-02  3.4262e-01  1.8467e+00  -7.7018e+00  2.6265e-01  6.3472e-02  2.0179e-01  ;...
   8.2877e-02  3.4312e-01  1.8467e+00  -7.7015e+00  2.6279e-01  6.4262e-02  2.0181e-01  ;...
   8.3925e-02  3.4363e-01  1.8467e+00  -7.7013e+00  2.6293e-01  6.5061e-02  2.0184e-01  ;...
   8.4987e-02  3.4416e-01  1.8466e+00  -7.7011e+00  2.6307e-01  6.5870e-02  2.0186e-01  ;...
   8.6062e-02  3.4469e-01  1.8466e+00  -7.7009e+00  2.6322e-01  6.6688e-02  2.0189e-01  ;...
   8.7151e-02  3.4525e-01  1.8466e+00  -7.7006e+00  2.6337e-01  6.7517e-02  2.0191e-01  ;...
   8.8254e-02  3.4581e-01  1.8466e+00  -7.7004e+00  2.6352e-01  6.8355e-02  2.0194e-01  ;...
   8.9370e-02  3.4639e-01  1.8466e+00  -7.7001e+00  2.6368e-01  6.9203e-02  2.0197e-01  ;...
   9.0500e-02  3.4698e-01  1.8466e+00  -7.6999e+00  2.6383e-01  7.0061e-02  2.0200e-01  ;...
   9.1645e-02  3.4759e-01  1.8466e+00  -7.6996e+00  2.6399e-01  7.0929e-02  2.0203e-01  ;...
   9.2804e-02  3.4821e-01  1.8466e+00  -7.6993e+00  2.6416e-01  7.1807e-02  2.0206e-01  ;...
   9.3978e-02  3.4885e-01  1.8466e+00  -7.6990e+00  2.6432e-01  7.2696e-02  2.0209e-01  ;...
   9.5166e-02  3.4951e-01  1.8465e+00  -7.6988e+00  2.6449e-01  7.3595e-02  2.0212e-01  ;...
   9.6369e-02  3.5018e-01  1.8465e+00  -7.6984e+00  2.6466e-01  7.4504e-02  2.0215e-01  ;...
   9.7588e-02  3.5086e-01  1.8465e+00  -7.6981e+00  2.6483e-01  7.5425e-02  2.0219e-01  ;...
   9.8821e-02  3.5157e-01  1.8465e+00  -7.6978e+00  2.6501e-01  7.6356e-02  2.0222e-01  ;...
   1.0007e-01  3.5229e-01  1.8465e+00  -7.6975e+00  2.6519e-01  7.7297e-02  2.0226e-01  ;...
   1.0134e-01  3.5302e-01  1.8465e+00  -7.6971e+00  2.6537e-01  7.8250e-02  2.0229e-01  ;...
   1.0262e-01  3.5378e-01  1.8465e+00  -7.6968e+00  2.6556e-01  7.9214e-02  2.0233e-01  ;...
   1.0391e-01  3.5455e-01  1.8464e+00  -7.6964e+00  2.6574e-01  8.0189e-02  2.0237e-01  ;...
   1.0523e-01  3.5535e-01  1.8464e+00  -7.6960e+00  2.6593e-01  8.1176e-02  2.0241e-01  ;...
   1.0656e-01  3.5616e-01  1.8464e+00  -7.6957e+00  2.6612e-01  8.2173e-02  2.0245e-01  ;...
   1.0790e-01  3.5699e-01  1.8464e+00  -7.6953e+00  2.6632e-01  8.3182e-02  2.0249e-01  ;...
   1.0927e-01  3.5784e-01  1.8464e+00  -7.6948e+00  2.6651e-01  8.4203e-02  2.0253e-01  ;...
   1.1065e-01  3.5871e-01  1.8464e+00  -7.6944e+00  2.6671e-01  8.5236e-02  2.0257e-01  ;...
   1.1205e-01  3.5961e-01  1.8463e+00  -7.6940e+00  2.6691e-01  8.6280e-02  2.0262e-01  ;...
   1.1346e-01  3.6052e-01  1.8463e+00  -7.6935e+00  2.6712e-01  8.7336e-02  2.0266e-01  ;...
   1.1489e-01  3.6146e-01  1.8463e+00  -7.6930e+00  2.6732e-01  8.8404e-02  2.0271e-01  ;...
   1.1635e-01  3.6242e-01  1.8463e+00  -7.6926e+00  2.6753e-01  8.9484e-02  2.0275e-01  ;...
   1.1782e-01  3.6340e-01  1.8463e+00  -7.6921e+00  2.6774e-01  9.0576e-02  2.0280e-01  ;...
   1.1930e-01  3.6440e-01  1.8462e+00  -7.6915e+00  2.6795e-01  9.1681e-02  2.0285e-01  ;...
   1.2081e-01  3.6543e-01  1.8462e+00  -7.6910e+00  2.6816e-01  9.2798e-02  2.0290e-01  ;...
   1.2234e-01  3.6649e-01  1.8462e+00  -7.6904e+00  2.6838e-01  9.3928e-02  2.0296e-01  ;...
   1.2388e-01  3.6757e-01  1.8462e+00  -7.6899e+00  2.6859e-01  9.5070e-02  2.0301e-01  ;...
   1.2545e-01  3.6867e-01  1.8462e+00  -7.6893e+00  2.6881e-01  9.6225e-02  2.0307e-01  ;...
   1.2703e-01  3.6980e-01  1.8461e+00  -7.6887e+00  2.6903e-01  9.7392e-02  2.0312e-01  ;...
   1.2863e-01  3.7096e-01  1.8461e+00  -7.6880e+00  2.6925e-01  9.8573e-02  2.0318e-01  ;...
   1.3026e-01  3.7215e-01  1.8461e+00  -7.6874e+00  2.6946e-01  9.9766e-02  2.0324e-01  ;...
   1.3190e-01  3.7336e-01  1.8461e+00  -7.6867e+00  2.6968e-01  1.0097e-01  2.0330e-01  ;...
   1.3357e-01  3.7460e-01  1.8460e+00  -7.6860e+00  2.6990e-01  1.0219e-01  2.0337e-01  ;...
   1.3525e-01  3.7588e-01  1.8460e+00  -7.6853e+00  2.7012e-01  1.0343e-01  2.0343e-01  ;...
   1.3696e-01  3.7718e-01  1.8460e+00  -7.6845e+00  2.7034e-01  1.0467e-01  2.0350e-01  ;...
   1.3869e-01  3.7851e-01  1.8460e+00  -7.6838e+00  2.7056e-01  1.0593e-01  2.0356e-01  ;...
   1.4044e-01  3.7987e-01  1.8459e+00  -7.6829e+00  2.7078e-01  1.0720e-01  2.0363e-01  ;...
   1.4221e-01  3.8127e-01  1.8459e+00  -7.6821e+00  2.7099e-01  1.0849e-01  2.0370e-01  ;...
   1.4401e-01  3.8269e-01  1.8459e+00  -7.6813e+00  2.7121e-01  1.0979e-01  2.0378e-01  ;...
   1.4583e-01  3.8415e-01  1.8458e+00  -7.6804e+00  2.7142e-01  1.1111e-01  2.0385e-01  ;...
   1.4767e-01  3.8565e-01  1.8458e+00  -7.6794e+00  2.7163e-01  1.1243e-01  2.0393e-01  ;...
   1.4953e-01  3.8718e-01  1.8458e+00  -7.6785e+00  2.7183e-01  1.1378e-01  2.0401e-01  ;...
   1.5142e-01  3.8874e-01  1.8457e+00  -7.6775e+00  2.7203e-01  1.1513e-01  2.0409e-01  ;...
   1.5333e-01  3.9034e-01  1.8457e+00  -7.6765e+00  2.7223e-01  1.1650e-01  2.0417e-01  ;...
   1.5526e-01  3.9198e-01  1.8457e+00  -7.6754e+00  2.7243e-01  1.1789e-01  2.0426e-01  ;...
   1.5722e-01  3.9365e-01  1.8456e+00  -7.6743e+00  2.7261e-01  1.1928e-01  2.0434e-01  ;...
   1.5921e-01  3.9536e-01  1.8456e+00  -7.6732e+00  2.7280e-01  1.2070e-01  2.0443e-01  ;...
   1.6122e-01  3.9711e-01  1.8455e+00  -7.6720e+00  2.7297e-01  1.2212e-01  2.0452e-01  ;...
   1.6325e-01  3.9891e-01  1.8455e+00  -7.6708e+00  2.7314e-01  1.2357e-01  2.0462e-01  ;...
   1.6531e-01  4.0074e-01  1.8455e+00  -7.6695e+00  2.7330e-01  1.2502e-01  2.0472e-01  ;...
   1.6740e-01  4.0261e-01  1.8454e+00  -7.6682e+00  2.7346e-01  1.2649e-01  2.0481e-01  ;...
   1.6951e-01  4.0452e-01  1.8454e+00  -7.6668e+00  2.7360e-01  1.2797e-01  2.0492e-01  ;...
   1.7165e-01  4.0648e-01  1.8453e+00  -7.6654e+00  2.7373e-01  1.2947e-01  2.0502e-01  ;...
   1.7381e-01  4.0848e-01  1.8453e+00  -7.6639e+00  2.7385e-01  1.3099e-01  2.0513e-01  ;...
   1.7600e-01  4.1053e-01  1.8452e+00  -7.6624e+00  2.7396e-01  1.3251e-01  2.0524e-01  ;...
   1.7822e-01  4.1262e-01  1.8452e+00  -7.6608e+00  2.7406e-01  1.3406e-01  2.0535e-01  ;...
   1.8047e-01  4.1475e-01  1.8451e+00  -7.6592e+00  2.7414e-01  1.3561e-01  2.0546e-01  ;...
   1.8275e-01  4.1694e-01  1.8451e+00  -7.6575e+00  2.7421e-01  1.3719e-01  2.0558e-01  ;...
   1.8505e-01  4.1917e-01  1.8450e+00  -7.6557e+00  2.7426e-01  1.3877e-01  2.0570e-01  ;...
   1.8739e-01  4.2145e-01  1.8450e+00  -7.6539e+00  2.7429e-01  1.4037e-01  2.0583e-01  ;...
   1.8975e-01  4.2378e-01  1.8449e+00  -7.6520e+00  2.7430e-01  1.4199e-01  2.0595e-01  ;...
   1.9214e-01  4.2616e-01  1.8449e+00  -7.6500e+00  2.7429e-01  1.4362e-01  2.0608e-01  ;...
   1.9457e-01  4.2859e-01  1.8448e+00  -7.6480e+00  2.7426e-01  1.4526e-01  2.0622e-01  ;...
   1.9702e-01  4.3107e-01  1.8447e+00  -7.6458e+00  2.7420e-01  1.4692e-01  2.0635e-01  ;...
   1.9950e-01  4.3361e-01  1.8447e+00  -7.6436e+00  2.7412e-01  1.4859e-01  2.0650e-01  ;...
   2.0202e-01  4.3620e-01  1.8446e+00  -7.6413e+00  2.7402e-01  1.5028e-01  2.0664e-01  ;...
   2.0457e-01  4.3884e-01  1.8445e+00  -7.6389e+00  2.7388e-01  1.5198e-01  2.0679e-01  ;...
   2.0715e-01  4.4154e-01  1.8445e+00  -7.6364e+00  2.7371e-01  1.5370e-01  2.0694e-01  ;...
   2.0976e-01  4.4430e-01  1.8444e+00  -7.6339e+00  2.7351e-01  1.5543e-01  2.0710e-01  ;...
   2.1240e-01  4.4711e-01  1.8443e+00  -7.6312e+00  2.7327e-01  1.5717e-01  2.0726e-01  ;...
   2.1508e-01  4.4998e-01  1.8442e+00  -7.6284e+00  2.7300e-01  1.5893e-01  2.0742e-01  ;...
   2.1779e-01  4.5291e-01  1.8442e+00  -7.6255e+00  2.7269e-01  1.6070e-01  2.0759e-01  ;...
   2.2054e-01  4.5590e-01  1.8441e+00  -7.6225e+00  2.7233e-01  1.6249e-01  2.0776e-01  ;...
   2.2332e-01  4.5895e-01  1.8440e+00  -7.6193e+00  2.7193e-01  1.6429e-01  2.0794e-01  ;...
   2.2613e-01  4.6206e-01  1.8439e+00  -7.6161e+00  2.7148e-01  1.6610e-01  2.0812e-01  ;...
   2.2898e-01  4.6524e-01  1.8438e+00  -7.6127e+00  2.7098e-01  1.6792e-01  2.0830e-01  ;...
   2.3187e-01  4.6847e-01  1.8437e+00  -7.6092e+00  2.7042e-01  1.6976e-01  2.0849e-01  ;...
   2.3479e-01  4.7178e-01  1.8436e+00  -7.6055e+00  2.6981e-01  1.7161e-01  2.0869e-01  ;...
   2.3775e-01  4.7514e-01  1.8435e+00  -7.6017e+00  2.6914e-01  1.7348e-01  2.0889e-01  ;...
   2.4075e-01  4.7857e-01  1.8434e+00  -7.5977e+00  2.6840e-01  1.7536e-01  2.0910e-01  ;...
   2.4378e-01  4.8207e-01  1.8433e+00  -7.5936e+00  2.6760e-01  1.7724e-01  2.0931e-01  ;...
   2.4686e-01  4.8563e-01  1.8432e+00  -7.5893e+00  2.6672e-01  1.7915e-01  2.0952e-01  ;...
   2.4997e-01  4.8926e-01  1.8431e+00  -7.5848e+00  2.6577e-01  1.8106e-01  2.0975e-01  ;...
   2.5312e-01  4.9296e-01  1.8430e+00  -7.5802e+00  2.6474e-01  1.8298e-01  2.0997e-01  ;...
   2.5631e-01  4.9673e-01  1.8429e+00  -7.5753e+00  2.6362e-01  1.8492e-01  2.1021e-01  ;...
   2.5954e-01  5.0056e-01  1.8428e+00  -7.5703e+00  2.6241e-01  1.8686e-01  2.1045e-01  ;...
   2.6281e-01  5.0447e-01  1.8427e+00  -7.5650e+00  2.6111e-01  1.8882e-01  2.1069e-01  ;...
   2.6612e-01  5.0845e-01  1.8425e+00  -7.5596e+00  2.5972e-01  1.9079e-01  2.1094e-01  ;...
   2.6948e-01  5.1249e-01  1.8424e+00  -7.5539e+00  2.5821e-01  1.9276e-01  2.1120e-01  ;...
   2.7287e-01  5.1661e-01  1.8423e+00  -7.5480e+00  2.5660e-01  1.9475e-01  2.1147e-01  ;...
   2.7631e-01  5.2080e-01  1.8421e+00  -7.5418e+00  2.5487e-01  1.9675e-01  2.1174e-01  ;...
   2.7979e-01  5.2507e-01  1.8420e+00  -7.5354e+00  2.5301e-01  1.9875e-01  2.1202e-01  ;...
   2.8332e-01  5.2940e-01  1.8418e+00  -7.5288e+00  2.5103e-01  2.0076e-01  2.1230e-01  ;...
   2.8689e-01  5.3381e-01  1.8417e+00  -7.5218e+00  2.4892e-01  2.0278e-01  2.1259e-01  ;...
   2.9050e-01  5.3829e-01  1.8415e+00  -7.5146e+00  2.4666e-01  2.0481e-01  2.1290e-01  ;...
   2.9416e-01  5.4285e-01  1.8413e+00  -7.5071e+00  2.4425e-01  2.0684e-01  2.1320e-01  ;...
   2.9787e-01  5.4748e-01  1.8412e+00  -7.4993e+00  2.4168e-01  2.0888e-01  2.1352e-01  ;...
   3.0162e-01  5.5218e-01  1.8410e+00  -7.4911e+00  2.3894e-01  2.1092e-01  2.1384e-01  ;...
   3.0542e-01  5.5696e-01  1.8408e+00  -7.4826e+00  2.3604e-01  2.1297e-01  2.1417e-01  ;...
   3.0927e-01  5.6181e-01  1.8406e+00  -7.4738e+00  2.3295e-01  2.1503e-01  2.1452e-01  ;...
   3.1317e-01  5.6673e-01  1.8404e+00  -7.4646e+00  2.2967e-01  2.1708e-01  2.1486e-01  ;...
   3.1711e-01  5.7173e-01  1.8402e+00  -7.4550e+00  2.2618e-01  2.1914e-01  2.1522e-01  ;...
   3.2111e-01  5.7680e-01  1.8400e+00  -7.4451e+00  2.2249e-01  2.2121e-01  2.1559e-01  ;...
   3.2515e-01  5.8194e-01  1.8398e+00  -7.4347e+00  2.1857e-01  2.2327e-01  2.1597e-01  ;...
   3.2925e-01  5.8715e-01  1.8396e+00  -7.4239e+00  2.1442e-01  2.2534e-01  2.1635e-01  ;...
   3.3340e-01  5.9244e-01  1.8394e+00  -7.4127e+00  2.1003e-01  2.2740e-01  2.1675e-01  ;...
   3.3760e-01  5.9779e-01  1.8391e+00  -7.4010e+00  2.0539e-01  2.2946e-01  2.1715e-01  ;...
   3.4185e-01  6.0322e-01  1.8389e+00  -7.3888e+00  2.0047e-01  2.3153e-01  2.1757e-01  ;...
   3.4615e-01  6.0872e-01  1.8387e+00  -7.3762e+00  1.9528e-01  2.3358e-01  2.1799e-01  ;...
   3.5052e-01  6.1428e-01  1.8384e+00  -7.3630e+00  1.8980e-01  2.3564e-01  2.1843e-01  ;...
   3.5493e-01  6.1991e-01  1.8381e+00  -7.3493e+00  1.8400e-01  2.3769e-01  2.1888e-01  ;...
   3.5940e-01  6.2561e-01  1.8379e+00  -7.3350e+00  1.7789e-01  2.3974e-01  2.1934e-01  ;...
   3.6393e-01  6.3138e-01  1.8376e+00  -7.3202e+00  1.7145e-01  2.4178e-01  2.1981e-01  ;...
   3.6851e-01  6.3721e-01  1.8373e+00  -7.3048e+00  1.6465e-01  2.4381e-01  2.2029e-01  ;...
   3.7315e-01  6.4310e-01  1.8370e+00  -7.2888e+00  1.5749e-01  2.4583e-01  2.2078e-01  ;...
   3.7785e-01  6.4905e-01  1.8367e+00  -7.2721e+00  1.4995e-01  2.4784e-01  2.2129e-01  ;...
   3.8261e-01  6.5506e-01  1.8363e+00  -7.2548e+00  1.4201e-01  2.4984e-01  2.2181e-01  ;...
   3.8743e-01  6.6113e-01  1.8360e+00  -7.2368e+00  1.3366e-01  2.5183e-01  2.2234e-01  ;...
   3.9231e-01  6.6725e-01  1.8357e+00  -7.2181e+00  1.2487e-01  2.5381e-01  2.2288e-01  ;...
   3.9725e-01  6.7343e-01  1.8353e+00  -7.1986e+00  1.1563e-01  2.5577e-01  2.2344e-01  ;...
   4.0225e-01  6.7966e-01  1.8349e+00  -7.1784e+00  1.0592e-01  2.5772e-01  2.2401e-01  ;...
   4.0732e-01  6.8594e-01  1.8346e+00  -7.1574e+00  9.5715e-02  2.5965e-01  2.2460e-01  ;...
   4.1245e-01  6.9227e-01  1.8342e+00  -7.1356e+00  8.5004e-02  2.6156e-01  2.2520e-01  ;...
   4.1764e-01  6.9864e-01  1.8337e+00  -7.1130e+00  7.3761e-02  2.6345e-01  2.2581e-01  ;...
   4.2290e-01  7.0505e-01  1.8333e+00  -7.0895e+00  6.1966e-02  2.6532e-01  2.2644e-01  ;...
   4.2823e-01  7.1151e-01  1.8329e+00  -7.0651e+00  4.9595e-02  2.6716e-01  2.2708e-01  ;...
   4.3362e-01  7.1800e-01  1.8324e+00  -7.0398e+00  3.6628e-02  2.6898e-01  2.2774e-01  ;...
   4.3908e-01  7.2452e-01  1.8320e+00  -7.0135e+00  2.3040e-02  2.7078e-01  2.2842e-01  ;...
   4.4461e-01  7.3107e-01  1.8315e+00  -6.9863e+00  8.8091e-03  2.7255e-01  2.2911e-01  ;...
   4.5021e-01  7.3765e-01  1.8310e+00  -6.9580e+00  -6.0903e-03  2.7429e-01  2.2981e-01  ;...
   4.5588e-01  7.4425e-01  1.8305e+00  -6.9288e+00  -2.1682e-02  2.7600e-01  2.3053e-01  ;...
   4.6162e-01  7.5087e-01  1.8299e+00  -6.8984e+00  -3.7992e-02  2.7768e-01  2.3127e-01  ;...
   4.6743e-01  7.5751e-01  1.8294e+00  -6.8670e+00  -5.5045e-02  2.7933e-01  2.3203e-01  ;...
   4.7332e-01  7.6416e-01  1.8288e+00  -6.8344e+00  -7.2867e-02  2.8094e-01  2.3280e-01  ;...
   4.7928e-01  7.7082e-01  1.8282e+00  -6.8008e+00  -9.1484e-02  2.8251e-01  2.3359e-01  ;...
   4.8531e-01  7.7749e-01  1.8276e+00  -6.7659e+00  -1.1092e-01  2.8404e-01  2.3440e-01  ;...
   4.9142e-01  7.8415e-01  1.8270e+00  -6.7298e+00  -1.3121e-01  2.8554e-01  2.3522e-01  ;...
   4.9761e-01  7.9082e-01  1.8263e+00  -6.6925e+00  -1.5237e-01  2.8699e-01  2.3607e-01  ;...
   5.0388e-01  7.9747e-01  1.8256e+00  -6.6539e+00  -1.7444e-01  2.8840e-01  2.3693e-01  ;...
   5.1022e-01  8.0412e-01  1.8250e+00  -6.6140e+00  -1.9744e-01  2.8977e-01  2.3781e-01  ;...
   5.1665e-01  8.1075e-01  1.8242e+00  -6.5729e+00  -2.2139e-01  2.9109e-01  2.3870e-01  ;...
   5.2315e-01  8.1736e-01  1.8235e+00  -6.5303e+00  -2.4632e-01  2.9236e-01  2.3962e-01  ;...
   5.2974e-01  8.2394e-01  1.8227e+00  -6.4865e+00  -2.7227e-01  2.9358e-01  2.4055e-01  ;...
   5.3641e-01  8.3050e-01  1.8219e+00  -6.4412e+00  -2.9925e-01  2.9475e-01  2.4151e-01  ;...
   5.4316e-01  8.3702e-01  1.8211e+00  -6.3945e+00  -3.2729e-01  2.9586e-01  2.4248e-01  ;...
   5.5000e-01  8.4351e-01  1.8202e+00  -6.3464e+00  -3.5642e-01  2.9692e-01  2.4347e-01  ;...
   5.5692e-01  8.4995e-01  1.8193e+00  -6.2969e+00  -3.8666e-01  2.9793e-01  2.4448e-01  ;...
   5.6393e-01  8.5635e-01  1.8184e+00  -6.2459e+00  -4.1803e-01  2.9888e-01  2.4551e-01  ;...
   5.7103e-01  8.6269e-01  1.8175e+00  -6.1934e+00  -4.5055e-01  2.9976e-01  2.4655e-01  ;...
   5.7822e-01  8.6898e-01  1.8165e+00  -6.1394e+00  -4.8425e-01  3.0059e-01  2.4762e-01  ;...
   5.8550e-01  8.7520e-01  1.8155e+00  -6.0839e+00  -5.1914e-01  3.0136e-01  2.4870e-01  ;...
   5.9287e-01  8.8137e-01  1.8145e+00  -6.0270e+00  -5.5523e-01  3.0206e-01  2.4980e-01  ;...
   6.0034e-01  8.8746e-01  1.8134e+00  -5.9685e+00  -5.9255e-01  3.0269e-01  2.5092e-01  ;...
   6.0790e-01  8.9347e-01  1.8123e+00  -5.9085e+00  -6.3111e-01  3.0326e-01  2.5205e-01  ;...
   6.1555e-01  8.9940e-01  1.8111e+00  -5.8471e+00  -6.7090e-01  3.0377e-01  2.5320e-01  ;...
   6.2330e-01  9.0525e-01  1.8099e+00  -5.7841e+00  -7.1195e-01  3.0420e-01  2.5437e-01  ;...
   6.3114e-01  9.1101e-01  1.8087e+00  -5.7196e+00  -7.5424e-01  3.0457e-01  2.5555e-01  ;...
   6.3909e-01  9.1668e-01  1.8074e+00  -5.6537e+00  -7.9778e-01  3.0487e-01  2.5675e-01  ;...
   6.4713e-01  9.2224e-01  1.8061e+00  -5.5864e+00  -8.4257e-01  3.0509e-01  2.5796e-01  ;...
   6.5528e-01  9.2771e-01  1.8047e+00  -5.5176e+00  -8.8859e-01  3.0525e-01  2.5919e-01  ;...
   6.6353e-01  9.3306e-01  1.8033e+00  -5.4475e+00  -9.3582e-01  3.0533e-01  2.6042e-01  ;...
   6.7188e-01  9.3830e-01  1.8019e+00  -5.3760e+00  -9.8425e-01  3.0534e-01  2.6167e-01  ;...
   6.8034e-01  9.4341e-01  1.8004e+00  -5.3031e+00  -1.0338e+00  3.0528e-01  2.6293e-01  ;...
   6.8890e-01  9.4840e-01  1.7988e+00  -5.2291e+00  -1.0846e+00  3.0514e-01  2.6419e-01  ;...
   6.9757e-01  9.5326e-01  1.7972e+00  -5.1538e+00  -1.1364e+00  3.0493e-01  2.6547e-01  ;...
   7.0635e-01  9.5799e-01  1.7956e+00  -5.0774e+00  -1.1893e+00  3.0465e-01  2.6674e-01  ;...
   7.1524e-01  9.6257e-01  1.7939e+00  -4.9999e+00  -1.2432e+00  3.0430e-01  2.6803e-01  ;...
   7.2425e-01  9.6700e-01  1.7921e+00  -4.9214e+00  -1.2980e+00  3.0387e-01  2.6931e-01  ;...
   7.3336e-01  9.7127e-01  1.7903e+00  -4.8420e+00  -1.3536e+00  3.0337e-01  2.7059e-01  ;...
   7.4259e-01  9.7539e-01  1.7884e+00  -4.7617e+00  -1.4101e+00  3.0280e-01  2.7188e-01  ;...
   7.5194e-01  9.7933e-01  1.7865e+00  -4.6807e+00  -1.4672e+00  3.0216e-01  2.7315e-01  ;...
   7.6141e-01  9.8309e-01  1.7845e+00  -4.5990e+00  -1.5250e+00  3.0145e-01  2.7442e-01  ;...
   7.7099e-01  9.8667e-01  1.7824e+00  -4.5169e+00  -1.5832e+00  3.0067e-01  2.7568e-01  ;...
   7.8069e-01  9.9005e-01  1.7803e+00  -4.4343e+00  -1.6417e+00  2.9982e-01  2.7693e-01  ;...
   7.9052e-01  9.9323e-01  1.7781e+00  -4.3514e+00  -1.7005e+00  2.9890e-01  2.7816e-01  ;...
   8.0047e-01  9.9619e-01  1.7759e+00  -4.2683e+00  -1.7594e+00  2.9792e-01  2.7938e-01  ;...
   8.1054e-01  9.9893e-01  1.7735e+00  -4.1853e+00  -1.8183e+00  2.9688e-01  2.8057e-01  ;...
   8.2075e-01  1.0014e+00  1.7711e+00  -4.1023e+00  -1.8769e+00  2.9577e-01  2.8174e-01  ;...
   8.3108e-01  1.0037e+00  1.7686e+00  -4.0196e+00  -1.9351e+00  2.9460e-01  2.8288e-01  ;...
   8.4154e-01  1.0057e+00  1.7661e+00  -3.9374e+00  -1.9927e+00  2.9338e-01  2.8398e-01  ;...
   8.5213e-01  1.0074e+00  1.7634e+00  -3.8557e+00  -2.0495e+00  2.9210e-01  2.8505e-01  ;...
   8.6285e-01  1.0089e+00  1.7607e+00  -3.7748e+00  -2.1054e+00  2.9077e-01  2.8608e-01  ;...
   8.7371e-01  1.0100e+00  1.7579e+00  -3.6948e+00  -2.1600e+00  2.8938e-01  2.8706e-01  ;...
   8.8471e-01  1.0108e+00  1.7550e+00  -3.6160e+00  -2.2133e+00  2.8794e-01  2.8800e-01  ;...
   8.9584e-01  1.0113e+00  1.7520e+00  -3.5383e+00  -2.2649e+00  2.8646e-01  2.8888e-01  ;...
   9.0712e-01  1.0115e+00  1.7490e+00  -3.4622e+00  -2.3146e+00  2.8493e-01  2.8970e-01  ;...
   9.1853e-01  1.0113e+00  1.7458e+00  -3.3876e+00  -2.3622e+00  2.8336e-01  2.9046e-01  ;...
   9.3009e-01  1.0107e+00  1.7426e+00  -3.3149e+00  -2.4075e+00  2.8175e-01  2.9115e-01  ;...
   9.4180e-01  1.0097e+00  1.7392e+00  -3.2442e+00  -2.4501e+00  2.8010e-01  2.9177e-01  ;...
   9.5365e-01  1.0083e+00  1.7358e+00  -3.1755e+00  -2.4899e+00  2.7842e-01  2.9232e-01  ;...
   9.6565e-01  1.0065e+00  1.7323e+00  -3.1092e+00  -2.5267e+00  2.7670e-01  2.9278e-01  ;...
   9.7781e-01  1.0042e+00  1.7286e+00  -3.0454e+00  -2.5602e+00  2.7495e-01  2.9316e-01  ;...
   9.9011e-01  1.0015e+00  1.7249e+00  -2.9842e+00  -2.5902e+00  2.7317e-01  2.9346e-01  ;...
   1.0026e+00  9.9831e-01  1.7210e+00  -2.9257e+00  -2.6165e+00  2.7137e-01  2.9365e-01  ;...
   1.0152e+00  9.9464e-01  1.7171e+00  -2.8701e+00  -2.6389e+00  2.6954e-01  2.9375e-01  ;...
   1.0280e+00  9.9047e-01  1.7130e+00  -2.8174e+00  -2.6572e+00  2.6769e-01  2.9375e-01  ;...
   1.0409e+00  9.8579e-01  1.7088e+00  -2.7678e+00  -2.6715e+00  2.6582e-01  2.9365e-01  ;...
   1.0540e+00  9.8060e-01  1.7045e+00  -2.7213e+00  -2.6814e+00  2.6392e-01  2.9344e-01  ;...
   1.0673e+00  9.7488e-01  1.7001e+00  -2.6778e+00  -2.6870e+00  2.6201e-01  2.9311e-01  ;...
   1.0807e+00  9.6863e-01  1.6956e+00  -2.6375e+00  -2.6883e+00  2.6009e-01  2.9268e-01  ;...
   1.0943e+00  9.6184e-01  1.6909e+00  -2.6003e+00  -2.6852e+00  2.5814e-01  2.9213e-01  ;...
   1.1081e+00  9.5452e-01  1.6861e+00  -2.5661e+00  -2.6778e+00  2.5618e-01  2.9147e-01  ;...
   1.1220e+00  9.4666e-01  1.6812e+00  -2.5348e+00  -2.6662e+00  2.5421e-01  2.9069e-01  ;...
   1.1361e+00  9.3827e-01  1.6762e+00  -2.5062e+00  -2.6507e+00  2.5222e-01  2.8979e-01  ;...
   1.1504e+00  9.2936e-01  1.6711e+00  -2.4801e+00  -2.6313e+00  2.5021e-01  2.8877e-01  ;...
   1.1649e+00  9.1993e-01  1.6658e+00  -2.4564e+00  -2.6084e+00  2.4819e-01  2.8764e-01  ;...
   1.1796e+00  9.0999e-01  1.6604e+00  -2.4346e+00  -2.5823e+00  2.4616e-01  2.8640e-01  ;...
   1.1944e+00  8.9956e-01  1.6549e+00  -2.4146e+00  -2.5535e+00  2.4411e-01  2.8504e-01  ;...
   1.2094e+00  8.8865e-01  1.6492e+00  -2.3958e+00  -2.5222e+00  2.4204e-01  2.8356e-01  ;...
   1.2247e+00  8.7728e-01  1.6434e+00  -2.3779e+00  -2.4891e+00  2.3996e-01  2.8198e-01  ;...
   1.2401e+00  8.6547e-01  1.6375e+00  -2.3604e+00  -2.4546e+00  2.3785e-01  2.8029e-01  ;...
   1.2557e+00  8.5324e-01  1.6314e+00  -2.3430e+00  -2.4193e+00  2.3573e-01  2.7850e-01  ;...
   1.2715e+00  8.4062e-01  1.6253e+00  -2.3250e+00  -2.3838e+00  2.3359e-01  2.7660e-01  ;...
   1.2875e+00  8.2763e-01  1.6189e+00  -2.3062e+00  -2.3485e+00  2.3142e-01  2.7461e-01  ;...
   1.3037e+00  8.1428e-01  1.6125e+00  -2.2861e+00  -2.3139e+00  2.2924e-01  2.7253e-01  ;...
   1.3201e+00  8.0062e-01  1.6059e+00  -2.2645e+00  -2.2806e+00  2.2704e-01  2.7035e-01  ;...
   1.3367e+00  7.8665e-01  1.5991e+00  -2.2411e+00  -2.2488e+00  2.2481e-01  2.6809e-01  ;...
   1.3535e+00  7.7242e-01  1.5923e+00  -2.2161e+00  -2.2187e+00  2.2256e-01  2.6574e-01  ;...
   1.3705e+00  7.5793e-01  1.5853e+00  -2.1897e+00  -2.1900e+00  2.2029e-01  2.6331e-01  ;...
   1.3878e+00  7.4322e-01  1.5781e+00  -2.1626e+00  -2.1626e+00  2.1800e-01  2.6081e-01  ;...
   1.4052e+00  7.2831e-01  1.5709e+00  -2.1356e+00  -2.1356e+00  2.1569e-01  2.5822e-01  ;...
   1.4229e+00  7.1322e-01  1.5635e+00  -2.1090e+00  -2.1090e+00  2.1337e-01  2.5557e-01  ;...
   1.4408e+00  6.9797e-01  1.5559e+00  -2.0827e+00  -2.0827e+00  2.1102e-01  2.5285e-01  ;...
   1.4590e+00  6.8260e-01  1.5483e+00  -2.0568e+00  -2.0568e+00  2.0866e-01  2.5006e-01  ;...
   1.4773e+00  6.6712e-01  1.5405e+00  -2.0311e+00  -2.0311e+00  2.0628e-01  2.4721e-01  ;...
   1.4959e+00  6.5155e-01  1.5326e+00  -2.0059e+00  -2.0059e+00  2.0388e-01  2.4430e-01  ;...
   1.5147e+00  6.3592e-01  1.5245e+00  -1.9809e+00  -1.9809e+00  2.0147e-01  2.4133e-01  ;...
   1.5338e+00  6.2025e-01  1.5163e+00  -1.9562e+00  -1.9562e+00  1.9905e-01  2.3830e-01  ;...
   1.5531e+00  6.0456e-01  1.5080e+00  -1.9318e+00  -1.9318e+00  1.9661e-01  2.3523e-01  ;...
   1.5726e+00  5.8888e-01  1.4996e+00  -1.9078e+00  -1.9078e+00  1.9417e-01  2.3210e-01  ;...
   1.5924e+00  5.7321e-01  1.4911e+00  -1.8840e+00  -1.8840e+00  1.9171e-01  2.2893e-01  ;...
   1.6124e+00  5.5759e-01  1.4824e+00  -1.8606e+00  -1.8606e+00  1.8924e-01  2.2572e-01  ;...
   1.6327e+00  5.4202e-01  1.4736e+00  -1.8375e+00  -1.8375e+00  1.8676e-01  2.2247e-01  ;...
   1.6533e+00  5.2654e-01  1.4647e+00  -1.8146e+00  -1.8146e+00  1.8428e-01  2.1918e-01  ;...
   1.6741e+00  5.1115e-01  1.4557e+00  -1.7921e+00  -1.7921e+00  1.8178e-01  2.1585e-01  ;...
   1.6951e+00  4.9588e-01  1.4466e+00  -1.7698e+00  -1.7698e+00  1.7928e-01  2.1250e-01  ;...
   1.7165e+00  4.8074e-01  1.4373e+00  -1.7478e+00  -1.7478e+00  1.7678e-01  2.0912e-01  ;...
   1.7381e+00  4.6574e-01  1.4280e+00  -1.7261e+00  -1.7261e+00  1.7427e-01  2.0571e-01  ;...
   1.7599e+00  4.5090e-01  1.4186e+00  -1.7046e+00  -1.7046e+00  1.7176e-01  2.0228e-01  ;...
   1.7821e+00  4.3625e-01  1.4090e+00  -1.6834e+00  -1.6834e+00  1.6924e-01  1.9883e-01  ;...
   1.8045e+00  4.2177e-01  1.3994e+00  -1.6625e+00  -1.6625e+00  1.6672e-01  1.9537e-01  ;...
   1.8272e+00  4.0751e-01  1.3896e+00  -1.6419e+00  -1.6419e+00  1.6421e-01  1.9189e-01  ;...
   1.8502e+00  3.9345e-01  1.3798e+00  -1.6215e+00  -1.6215e+00  1.6169e-01  1.8840e-01  ;...
   1.8735e+00  3.7962e-01  1.3699e+00  -1.6013e+00  -1.6013e+00  1.5917e-01  1.8490e-01  ;...
   1.8971e+00  3.6602e-01  1.3599e+00  -1.5814e+00  -1.5814e+00  1.5666e-01  1.8139e-01  ;...
   1.9209e+00  3.5267e-01  1.3499e+00  -1.5618e+00  -1.5618e+00  1.5415e-01  1.7788e-01  ;...
   1.9451e+00  3.3957e-01  1.3397e+00  -1.5423e+00  -1.5423e+00  1.5164e-01  1.7437e-01  ;...
   1.9696e+00  3.2673e-01  1.3295e+00  -1.5232e+00  -1.5232e+00  1.4914e-01  1.7087e-01  ;...
   1.9943e+00  3.1415e-01  1.3192e+00  -1.5043e+00  -1.5043e+00  1.4664e-01  1.6736e-01  ;...
   2.0194e+00  3.0185e-01  1.3088e+00  -1.4856e+00  -1.4856e+00  1.4415e-01  1.6387e-01  ;...
   2.0448e+00  2.8983e-01  1.2984e+00  -1.4671e+00  -1.4671e+00  1.4167e-01  1.6038e-01  ;...
   2.0706e+00  2.7810e-01  1.2879e+00  -1.4489e+00  -1.4489e+00  1.3919e-01  1.5690e-01  ;...
   2.0966e+00  2.6665e-01  1.2774e+00  -1.4309e+00  -1.4309e+00  1.3673e-01  1.5344e-01  ;...
   2.1230e+00  2.5549e-01  1.2668e+00  -1.4131e+00  -1.4131e+00  1.3427e-01  1.4999e-01  ;...
   2.1497e+00  2.4463e-01  1.2562e+00  -1.3955e+00  -1.3955e+00  1.3183e-01  1.4656e-01  ;...
   2.1768e+00  2.3407e-01  1.2455e+00  -1.3782e+00  -1.3782e+00  1.2939e-01  1.4315e-01  ;...
   2.2041e+00  2.2380e-01  1.2348e+00  -1.3611e+00  -1.3611e+00  1.2697e-01  1.3976e-01  ;...
   2.2319e+00  2.1383e-01  1.2240e+00  -1.3442e+00  -1.3442e+00  1.2456e-01  1.3640e-01  ;...
   2.2600e+00  2.0416e-01  1.2133e+00  -1.3275e+00  -1.3275e+00  1.2217e-01  1.3306e-01  ;...
   2.2884e+00  1.9478e-01  1.2024e+00  -1.3110e+00  -1.3110e+00  1.1979e-01  1.2975e-01  ;...
   2.3172e+00  1.8571e-01  1.1916e+00  -1.2947e+00  -1.2947e+00  1.1742e-01  1.2647e-01  ;...
   2.3463e+00  1.7693e-01  1.1808e+00  -1.2786e+00  -1.2786e+00  1.1507e-01  1.2322e-01  ;...
   2.3758e+00  1.6844e-01  1.1699e+00  -1.2627e+00  -1.2627e+00  1.1274e-01  1.2000e-01  ;...
   2.4057e+00  1.6024e-01  1.1590e+00  -1.2470e+00  -1.2470e+00  1.1043e-01  1.1681e-01  ;...
   2.4360e+00  1.5233e-01  1.1481e+00  -1.2315e+00  -1.2315e+00  1.0813e-01  1.1367e-01  ;...
   2.4667e+00  1.4471e-01  1.1372e+00  -1.2162e+00  -1.2162e+00  1.0585e-01  1.1055e-01  ;...
   2.4977e+00  1.3737e-01  1.1263e+00  -1.2011e+00  -1.2011e+00  1.0359e-01  1.0748e-01  ;...
   2.5291e+00  1.3030e-01  1.1154e+00  -1.1862e+00  -1.1862e+00  1.0135e-01  1.0445e-01  ;...
   2.5609e+00  1.2351e-01  1.1045e+00  -1.1715e+00  -1.1715e+00  9.9134e-02  1.0145e-01  ;...
   2.5931e+00  1.1698e-01  1.0936e+00  -1.1569e+00  -1.1569e+00  9.6936e-02  9.8502e-02  ;...
   2.6258e+00  1.1072e-01  1.0828e+00  -1.1425e+00  -1.1425e+00  9.4759e-02  9.5594e-02  ;...
   2.6588e+00  1.0471e-01  1.0719e+00  -1.1283e+00  -1.1283e+00  9.2605e-02  9.2730e-02  ;...
   2.6923e+00  9.8960e-02  1.0611e+00  -1.1143e+00  -1.1143e+00  9.0473e-02  8.9911e-02  ;...
   2.7261e+00  9.3452e-02  1.0503e+00  -1.1005e+00  -1.1005e+00  8.8364e-02  8.7138e-02  ;...
   2.7604e+00  8.8184e-02  1.0395e+00  -1.0868e+00  -1.0868e+00  8.6278e-02  8.4411e-02  ;...
   2.7951e+00  8.3150e-02  1.0287e+00  -1.0733e+00  -1.0733e+00  8.4217e-02  8.1731e-02  ;...
   2.8303e+00  7.8344e-02  1.0180e+00  -1.0600e+00  -1.0600e+00  8.2180e-02  7.9100e-02  ;...
   2.8659e+00  7.3760e-02  1.0073e+00  -1.0468e+00  -1.0468e+00  8.0167e-02  7.6517e-02  ;...
   2.9020e+00  6.9392e-02  9.9668e-01  -1.0338e+00  -1.0338e+00  7.8180e-02  7.3983e-02  ;...
   2.9385e+00  6.5231e-02  9.8607e-01  -1.0209e+00  -1.0209e+00  7.6219e-02  7.1499e-02  ;...
   2.9755e+00  6.1274e-02  9.7551e-01  -1.0083e+00  -1.0083e+00  7.4283e-02  6.9064e-02  ;...
   3.0129e+00  5.7512e-02  9.6500e-01  -9.9572e-01  -9.9572e-01  7.2373e-02  6.6680e-02  ;...
   3.0508e+00  5.3939e-02  9.5454e-01  -9.8335e-01  -9.8335e-01  7.0490e-02  6.4347e-02  ;...
   3.0892e+00  5.0549e-02  9.4412e-01  -9.7114e-01  -9.7114e-01  6.8634e-02  6.2064e-02  ;...
   3.1280e+00  4.7335e-02  9.3377e-01  -9.5907e-01  -9.5907e-01  6.6805e-02  5.9833e-02  ;...
   3.1674e+00  4.4291e-02  9.2347e-01  -9.4715e-01  -9.4715e-01  6.5003e-02  5.7652e-02  ;...
   3.2072e+00  4.1410e-02  9.1322e-01  -9.3539e-01  -9.3539e-01  6.3228e-02  5.5523e-02  ;...
   3.2476e+00  3.8686e-02  9.0304e-01  -9.2377e-01  -9.2377e-01  6.1482e-02  5.3445e-02  ;...
   3.2884e+00  3.6112e-02  8.9293e-01  -9.1229e-01  -9.1229e-01  5.9763e-02  5.1418e-02  ;...
   3.3298e+00  3.3683e-02  8.8287e-01  -9.0095e-01  -9.0095e-01  5.8073e-02  4.9442e-02  ;...
   3.3717e+00  3.1393e-02  8.7289e-01  -8.8976e-01  -8.8976e-01  5.6410e-02  4.7516e-02  ;...
   3.4141e+00  2.9235e-02  8.6297e-01  -8.7871e-01  -8.7871e-01  5.4777e-02  4.5642e-02  ;...
   3.4571e+00  2.7203e-02  8.5312e-01  -8.6779e-01  -8.6779e-01  5.3171e-02  4.3817e-02  ;...
   3.5006e+00  2.5293e-02  8.4335e-01  -8.5701e-01  -8.5701e-01  5.1595e-02  4.2043e-02  ;...
   3.5446e+00  2.3497e-02  8.3365e-01  -8.4636e-01  -8.4636e-01  5.0047e-02  4.0319e-02  ;...
   3.5892e+00  2.1812e-02  8.2402e-01  -8.3585e-01  -8.3585e-01  4.8528e-02  3.8643e-02  ;...
   3.6343e+00  2.0231e-02  8.1447e-01  -8.2546e-01  -8.2546e-01  4.7037e-02  3.7017e-02  ;...
   3.6801e+00  1.8749e-02  8.0500e-01  -8.1521e-01  -8.1521e-01  4.5576e-02  3.5439e-02  ;...
   3.7263e+00  1.7362e-02  7.9560e-01  -8.0508e-01  -8.0508e-01  4.4143e-02  3.3909e-02  ;...
   3.7732e+00  1.6064e-02  7.8628e-01  -7.9508e-01  -7.9508e-01  4.2739e-02  3.2427e-02  ;...
   3.8207e+00  1.4851e-02  7.7705e-01  -7.8520e-01  -7.8520e-01  4.1364e-02  3.0991e-02  ;...
   3.8688e+00  1.3719e-02  7.6789e-01  -7.7544e-01  -7.7544e-01  4.0018e-02  2.9601e-02  ;...
   3.9174e+00  1.2662e-02  7.5882e-01  -7.6581e-01  -7.6581e-01  3.8700e-02  2.8257e-02  ;...
   3.9667e+00  1.1677e-02  7.4983e-01  -7.5629e-01  -7.5629e-01  3.7411e-02  2.6958e-02  ;...
   4.0166e+00  1.0760e-02  7.4092e-01  -7.4690e-01  -7.4690e-01  3.6150e-02  2.5703e-02  ;...
   4.0671e+00  9.9067e-03  7.3210e-01  -7.3762e-01  -7.3762e-01  3.4918e-02  2.4492e-02  ;...
   4.1183e+00  9.1134e-03  7.2336e-01  -7.2845e-01  -7.2845e-01  3.3714e-02  2.3323e-02  ;...
   4.1701e+00  8.3767e-03  7.1471e-01  -7.1940e-01  -7.1940e-01  3.2538e-02  2.2196e-02  ;...
   4.2226e+00  7.6931e-03  7.0614e-01  -7.1047e-01  -7.1047e-01  3.1390e-02  2.1110e-02  ;...
   4.2757e+00  7.0594e-03  6.9765e-01  -7.0164e-01  -7.0164e-01  3.0270e-02  2.0065e-02  ;...
   4.3295e+00  6.4725e-03  6.8925e-01  -6.9292e-01  -6.9292e-01  2.9178e-02  1.9059e-02  ;...
   4.3839e+00  5.9294e-03  6.8094e-01  -6.8432e-01  -6.8432e-01  2.8112e-02  1.8092e-02  ;...
   4.4391e+00  5.4273e-03  6.7271e-01  -6.7581e-01  -6.7581e-01  2.7074e-02  1.7163e-02  ;...
   4.4949e+00  4.9635e-03  6.6457e-01  -6.6742e-01  -6.6742e-01  2.6063e-02  1.6270e-02  ;...
   4.5515e+00  4.5355e-03  6.5651e-01  -6.5913e-01  -6.5913e-01  2.5078e-02  1.5414e-02  ;...
   4.6087e+00  4.1409e-03  6.4854e-01  -6.5094e-01  -6.5094e-01  2.4120e-02  1.4593e-02  ;...
   4.6667e+00  3.7774e-03  6.4065e-01  -6.4285e-01  -6.4285e-01  2.3188e-02  1.3806e-02  ;...
   4.7254e+00  3.4429e-03  6.3285e-01  -6.3486e-01  -6.3486e-01  2.2282e-02  1.3053e-02  ;...
   4.7849e+00  3.1354e-03  6.2514e-01  -6.2698e-01  -6.2698e-01  2.1401e-02  1.2332e-02  ;...
   4.8451e+00  2.8528e-03  6.1751e-01  -6.1919e-01  -6.1919e-01  2.0546e-02  1.1642e-02  ;...
   4.9060e+00  2.5935e-03  6.0996e-01  -6.1149e-01  -6.1149e-01  1.9715e-02  1.0984e-02  ;...
   4.9677e+00  2.3558e-03  6.0250e-01  -6.0390e-01  -6.0390e-01  1.8909e-02  1.0355e-02  ;...
   5.0302e+00  2.1380e-03  5.9512e-01  -5.9640e-01  -5.9640e-01  1.8128e-02  9.7552e-03  ;...
   5.0935e+00  1.9386e-03  5.8782e-01  -5.8899e-01  -5.8899e-01  1.7370e-02  9.1833e-03  ;...
   5.1576e+00  1.7563e-03  5.8061e-01  -5.8167e-01  -5.8167e-01  1.6635e-02  8.6385e-03  ;...
   5.2225e+00  1.5898e-03  5.7348e-01  -5.7444e-01  -5.7444e-01  1.5924e-02  8.1199e-03  ;...
   5.2881e+00  1.4378e-03  5.6643e-01  -5.6731e-01  -5.6731e-01  1.5236e-02  7.6267e-03  ;...
   5.3547e+00  1.2992e-03  5.5946e-01  -5.6026e-01  -5.6026e-01  1.4569e-02  7.1580e-03  ;...
   5.4220e+00  1.1729e-03  5.5258e-01  -5.5330e-01  -5.5330e-01  1.3925e-02  6.7128e-03  ;...
   5.4902e+00  1.0579e-03  5.4577e-01  -5.4642e-01  -5.4642e-01  1.3303e-02  6.2904e-03  ;...
   5.5593e+00  9.5341e-04  5.3904e-01  -5.3964e-01  -5.3964e-01  1.2702e-02  5.8900e-03  ;...
   5.6292e+00  8.5844e-04  5.3240e-01  -5.3293e-01  -5.3293e-01  1.2121e-02  5.5106e-03  ;...
   5.7001e+00  7.7224e-04  5.2583e-01  -5.2631e-01  -5.2631e-01  1.1561e-02  5.1514e-03  ;...
   5.7718e+00  6.9406e-04  5.1933e-01  -5.1977e-01  -5.1977e-01  1.1021e-02  4.8118e-03  ;...
   5.8444e+00  6.2324e-04  5.1292e-01  -5.1332e-01  -5.1332e-01  1.0500e-02  4.4908e-03  ;...
   5.9179e+00  5.5912e-04  5.0658e-01  -5.0694e-01  -5.0694e-01  9.9985e-03  4.1878e-03  ;...
   5.9923e+00  5.0114e-04  5.0032e-01  -5.0064e-01  -5.0064e-01  9.5157e-03  3.9019e-03  ;...
   6.0677e+00  4.4876e-04  4.9413e-01  -4.9442e-01  -4.9442e-01  9.0510e-03  3.6324e-03  ;...
   6.1440e+00  4.0148e-04  4.8802e-01  -4.8828e-01  -4.8828e-01  8.6042e-03  3.3786e-03  ;...
   6.2213e+00  3.5884e-04  4.8198e-01  -4.8221e-01  -4.8221e-01  8.1748e-03  3.1399e-03  ;...
   6.2996e+00  3.2042e-04  4.7601e-01  -4.7622e-01  -4.7622e-01  7.7623e-03  2.9154e-03  ;...
   6.3788e+00  2.8585e-04  4.7012e-01  -4.7031e-01  -4.7031e-01  7.3663e-03  2.7046e-03  ;...
   6.4591e+00  2.5476e-04  4.6430e-01  -4.6446e-01  -4.6446e-01  6.9864e-03  2.5067e-03  ;...
   6.5403e+00  2.2682e-04  4.5854e-01  -4.5869e-01  -4.5869e-01  6.6221e-03  2.3212e-03  ;...
   6.6226e+00  2.0176e-04  4.5286e-01  -4.5299e-01  -4.5299e-01  6.2731e-03  2.1475e-03  ;...
   6.7059e+00  1.7928e-04  4.4725e-01  -4.4737e-01  -4.4737e-01  5.9388e-03  1.9849e-03  ;...
   6.7903e+00  1.5915e-04  4.4170e-01  -4.4181e-01  -4.4181e-01  5.6189e-03  1.8329e-03  ;...
   6.8757e+00  1.4113e-04  4.3623e-01  -4.3632e-01  -4.3632e-01  5.3129e-03  1.6910e-03  ;...
   6.9622e+00  1.2503e-04  4.3082e-01  -4.3090e-01  -4.3090e-01  5.0205e-03  1.5585e-03  ;...
   7.0497e+00  1.1065e-04  4.2547e-01  -4.2555e-01  -4.2555e-01  4.7411e-03  1.4350e-03  ;...
   7.1384e+00  9.7818e-05  4.2019e-01  -4.2026e-01  -4.2026e-01  4.4745e-03  1.3200e-03  ;...
   7.2282e+00  8.6383e-05  4.1498e-01  -4.1504e-01  -4.1504e-01  4.2200e-03  1.2131e-03  ;...
   7.3192e+00  7.6203e-05  4.0983e-01  -4.0988e-01  -4.0988e-01  3.9775e-03  1.1136e-03  ;...
   7.4112e+00  6.7149e-05  4.0475e-01  -4.0479e-01  -4.0479e-01  3.7464e-03  1.0213e-03  ;...
   7.5044e+00  5.9105e-05  3.9972e-01  -3.9976e-01  -3.9976e-01  3.5264e-03  9.3570e-04  ;...
   7.5988e+00  5.1966e-05  3.9476e-01  -3.9480e-01  -3.9480e-01  3.3171e-03  8.5636e-04  ;...
   7.6944e+00  4.5638e-05  3.8986e-01  -3.8989e-01  -3.8989e-01  3.1181e-03  7.8294e-04  ;...
   7.7912e+00  4.0034e-05  3.8502e-01  -3.8505e-01  -3.8505e-01  2.9290e-03  7.1505e-04  ;...
   7.8892e+00  3.5077e-05  3.8024e-01  -3.8026e-01  -3.8026e-01  2.7495e-03  6.5235e-04  ;...
   7.9885e+00  3.0697e-05  3.7552e-01  -3.7554e-01  -3.7554e-01  2.5792e-03  5.9450e-04  ;...
   8.0890e+00  2.6832e-05  3.7086e-01  -3.7088e-01  -3.7088e-01  2.4177e-03  5.4119e-04  ;...
   8.1907e+00  2.3425e-05  3.6625e-01  -3.6627e-01  -3.6627e-01  2.2647e-03  4.9211e-04  ;...
   8.2938e+00  2.0425e-05  3.6170e-01  -3.6172e-01  -3.6172e-01  2.1198e-03  4.4699e-04  ;...
   8.3981e+00  1.7787e-05  3.5721e-01  -3.5722e-01  -3.5722e-01  1.9828e-03  4.0554e-04  ;...
   8.5037e+00  1.5470e-05  3.5278e-01  -3.5279e-01  -3.5279e-01  1.8532e-03  3.6752e-04  ;...
   8.6107e+00  1.3437e-05  3.4839e-01  -3.4840e-01  -3.4840e-01  1.7309e-03  3.3267e-04  ;...
   8.7190e+00  1.1656e-05  3.4407e-01  -3.4408e-01  -3.4408e-01  1.6153e-03  3.0078e-04  ;...
   8.8287e+00  1.0098e-05  3.3979e-01  -3.3980e-01  -3.3980e-01  1.5064e-03  2.7162e-04  ;...
   8.9397e+00  8.7356e-06  3.3557e-01  -3.3558e-01  -3.3558e-01  1.4037e-03  2.4499e-04  ;...
   9.0522e+00  7.5469e-06  3.3141e-01  -3.3141e-01  -3.3141e-01  1.3070e-03  2.2071e-04  ;...
   9.1661e+00  6.5108e-06  3.2729e-01  -3.2729e-01  -3.2729e-01  1.2160e-03  1.9859e-04  ;...
   9.2814e+00  5.6090e-06  3.2322e-01  -3.2323e-01  -3.2323e-01  1.1304e-03  1.7847e-04  ;...
   9.3981e+00  4.8251e-06  3.1921e-01  -3.1921e-01  -3.1921e-01  1.0501e-03  1.6019e-04  ;...
   9.5163e+00  4.1447e-06  3.1524e-01  -3.1525e-01  -3.1525e-01  9.7461e-04  1.4359e-04  ;...
   9.6360e+00  3.5549e-06  3.1133e-01  -3.1133e-01  -3.1133e-01  9.0383e-04  1.2855e-04  ;...
   9.7573e+00  3.0445e-06  3.0746e-01  -3.0746e-01  -3.0746e-01  8.3750e-04  1.1494e-04  ;...
   9.8800e+00  2.6033e-06  3.0364e-01  -3.0364e-01  -3.0364e-01  7.7539e-04  1.0263e-04  ;...
   1.0004e+01  2.2226e-06  2.9987e-01  -2.9987e-01  -2.9987e-01  7.1728e-04  9.1523e-05  ;...
   1.0130e+01  1.8946e-06  2.9615e-01  -2.9615e-01  -2.9615e-01  6.6295e-04  8.1506e-05  ;...
   1.0258e+01  1.6124e-06  2.9247e-01  -2.9247e-01  -2.9247e-01  6.1221e-04  7.2487e-05  ;...
   1.0387e+01  1.3700e-06  2.8883e-01  -2.8883e-01  -2.8883e-01  5.6486e-04  6.4378e-05  ;...
   1.0517e+01  1.1622e-06  2.8525e-01  -2.8525e-01  -2.8525e-01  5.2071e-04  5.7097e-05  ;...
   1.0650e+01  9.8417e-07  2.8170e-01  -2.8170e-01  -2.8170e-01  4.7959e-04  5.0568e-05  ;...
   1.0783e+01  8.3202e-07  2.7820e-01  -2.7820e-01  -2.7820e-01  4.4131e-04  4.4722e-05  ;...
   1.0919e+01  7.0219e-07  2.7475e-01  -2.7475e-01  -2.7475e-01  4.0572e-04  3.9496e-05  ;...
   1.1056e+01  5.9158e-07  2.7133e-01  -2.7133e-01  -2.7133e-01  3.7266e-04  3.4829e-05  ;...
   1.1196e+01  4.9751e-07  2.6796e-01  -2.6796e-01  -2.6796e-01  3.4197e-04  3.0669e-05  ;...
   1.1336e+01  4.1765e-07  2.6463e-01  -2.6463e-01  -2.6463e-01  3.1351e-04  2.6965e-05  ;...
   1.1479e+01  3.4996e-07  2.6135e-01  -2.6135e-01  -2.6135e-01  2.8715e-04  2.3674e-05  ;...
   1.1623e+01  2.9271e-07  2.5810e-01  -2.5810e-01  -2.5810e-01  2.6275e-04  2.0752e-05  ;...
   1.1770e+01  2.4436e-07  2.5489e-01  -2.5489e-01  -2.5489e-01  2.4019e-04  1.8163e-05  ;...
   1.1918e+01  2.0361e-07  2.5173e-01  -2.5173e-01  -2.5173e-01  2.1935e-04  1.5872e-05  ;...
   1.2068e+01  1.6933e-07  2.4860e-01  -2.4860e-01  -2.4860e-01  2.0012e-04  1.3848e-05  ;...
   1.2219e+01  1.4055e-07  2.4551e-01  -2.4551e-01  -2.4551e-01  1.8239e-04  1.2064e-05  ;...
   1.2373e+01  1.1643e-07  2.4246e-01  -2.4246e-01  -2.4246e-01  1.6606e-04  1.0492e-05  ;...
   1.2529e+01  9.6253e-08  2.3945e-01  -2.3945e-01  -2.3945e-01  1.5104e-04  9.1099e-06  ;...
   1.2686e+01  7.9412e-08  2.3648e-01  -2.3648e-01  -2.3648e-01  1.3723e-04  7.8970e-06  ;...
   1.2846e+01  6.5383e-08  2.3354e-01  -2.3354e-01  -2.3354e-01  1.2456e-04  6.8341e-06  ;...
   1.3007e+01  5.3721e-08  2.3064e-01  -2.3064e-01  -2.3064e-01  1.1293e-04  5.9043e-06  ;...
   1.3171e+01  4.4045e-08  2.2777e-01  -2.2777e-01  -2.2777e-01  1.0228e-04  5.0923e-06  ;...
   1.3337e+01  3.6035e-08  2.2494e-01  -2.2494e-01  -2.2494e-01  9.2536e-05  4.3843e-06  ;...
   1.3505e+01  2.9418e-08  2.2215e-01  -2.2215e-01  -2.2215e-01  8.3626e-05  3.7682e-06  ;...
   1.3674e+01  2.3963e-08  2.1939e-01  -2.1939e-01  -2.1939e-01  7.5489e-05  3.2329e-06  ;...
   1.3846e+01  1.9476e-08  2.1666e-01  -2.1666e-01  -2.1666e-01  6.8068e-05  2.7687e-06  ;...
   1.4021e+01  1.5794e-08  2.1397e-01  -2.1397e-01  -2.1397e-01  6.1306e-05  2.3669e-06  ;...
   1.4197e+01  1.2778e-08  2.1131e-01  -2.1131e-01  -2.1131e-01  5.5151e-05  2.0196e-06  ;...
   1.4376e+01  1.0315e-08  2.0869e-01  -2.0869e-01  -2.0869e-01  4.9557e-05  1.7201e-06  ;...
   1.4556e+01  8.3069e-09  2.0610e-01  -2.0610e-01  -2.0610e-01  4.4478e-05  1.4623e-06  ;...
   1.4739e+01  6.6739e-09  2.0354e-01  -2.0354e-01  -2.0354e-01  3.9871e-05  1.2407e-06  ;...
   1.4925e+01  5.3491e-09  2.0101e-01  -2.0101e-01  -2.0101e-01  3.5699e-05  1.0507e-06  ;...
   1.5113e+01  4.2769e-09  1.9851e-01  -1.9851e-01  -1.9851e-01  3.1923e-05  8.8803e-07  ;...
   1.5303e+01  3.4112e-09  1.9604e-01  -1.9604e-01  -1.9604e-01  2.8512e-05  7.4907e-07  ;...
   1.5495e+01  2.7139e-09  1.9361e-01  -1.9361e-01  -1.9361e-01  2.5434e-05  6.3060e-07  ;...
   1.5690e+01  2.1537e-09  1.9120e-01  -1.9120e-01  -1.9120e-01  2.2659e-05  5.2980e-07  ;...
   1.5887e+01  1.7048e-09  1.8883e-01  -1.8883e-01  -1.8883e-01  2.0160e-05  4.4419e-07  ;...
   1.6087e+01  1.3460e-09  1.8648e-01  -1.8648e-01  -1.8648e-01  1.7914e-05  3.7165e-07  ;...
   1.6290e+01  1.0599e-09  1.8417e-01  -1.8417e-01  -1.8417e-01  1.5898e-05  3.1030e-07  ;...
   1.6495e+01  8.3241e-10  1.8188e-01  -1.8188e-01  -1.8188e-01  1.4089e-05  2.5853e-07  ;...
   1.6702e+01  6.5199e-10  1.7962e-01  -1.7962e-01  -1.7962e-01  1.2470e-05  2.1493e-07  ;...
   1.6912e+01  5.0929e-10  1.7739e-01  -1.7739e-01  -1.7739e-01  1.1021e-05  1.7830e-07  ;...
   1.7125e+01  3.9673e-10  1.7518e-01  -1.7518e-01  -1.7518e-01  9.7276e-06  1.4758e-07  ;...
   1.7340e+01  3.0819e-10  1.7301e-01  -1.7301e-01  -1.7301e-01  8.5738e-06  1.2189e-07  ;...
   1.7558e+01  2.3873e-10  1.7086e-01  -1.7086e-01  -1.7086e-01  7.5462e-06  1.0044e-07  ;...
   1.7779e+01  1.8440e-10  1.6874e-01  -1.6874e-01  -1.6874e-01  6.6323e-06  8.2576e-08  ;...
   1.8003e+01  1.4202e-10  1.6664e-01  -1.6664e-01  -1.6664e-01  5.8206e-06  6.7733e-08  ;...
   1.8229e+01  1.0906e-10  1.6457e-01  -1.6457e-01  -1.6457e-01  5.1007e-06  5.5427e-08  ;...
   1.8459e+01  8.3503e-11  1.6253e-01  -1.6253e-01  -1.6253e-01  4.4633e-06  4.5250e-08  ;...
   1.8691e+01  6.3742e-11  1.6051e-01  -1.6051e-01  -1.6051e-01  3.8996e-06  3.6852e-08  ;...
   1.8926e+01  4.8510e-11  1.5851e-01  -1.5851e-01  -1.5851e-01  3.4019e-06  2.9940e-08  ;...
   1.9164e+01  3.6805e-11  1.5654e-01  -1.5654e-01  -1.5654e-01  2.9632e-06  2.4267e-08  ;...
   1.9405e+01  2.7837e-11  1.5460e-01  -1.5460e-01  -1.5460e-01  2.5771e-06  1.9619e-08  ;...
   1.9649e+01  2.0988e-11  1.5268e-01  -1.5268e-01  -1.5268e-01  2.2377e-06  1.5820e-08  ;...
   1.9896e+01  1.5773e-11  1.5078e-01  -1.5078e-01  -1.5078e-01  1.9399e-06  1.2723e-08  ;...
   2.0147e+01  1.1816e-11  1.4891e-01  -1.4891e-01  -1.4891e-01  1.6790e-06  1.0208e-08  ;...
   2.0400e+01  8.8225e-12  1.4706e-01  -1.4706e-01  -1.4706e-01  1.4508e-06  8.1691e-09  ;...
   2.0657e+01  6.5657e-12  1.4523e-01  -1.4523e-01  -1.4523e-01  1.2516e-06  6.5185e-09  ;...
   2.0917e+01  4.8697e-12  1.4343e-01  -1.4343e-01  -1.4343e-01  1.0779e-06  5.1873e-09  ;...
   2.1180e+01  3.5996e-12  1.4165e-01  -1.4165e-01  -1.4165e-01  9.2671e-07  4.1172e-09  ;...
   2.1446e+01  2.6516e-12  1.3989e-01  -1.3989e-01  -1.3989e-01  7.9537e-07  3.2593e-09  ;...
   2.1716e+01  1.9464e-12  1.3815e-01  -1.3815e-01  -1.3815e-01  6.8146e-07  2.5742e-09  ;...
   2.1989e+01  1.4238e-12  1.3643e-01  -1.3643e-01  -1.3643e-01  5.8282e-07  2.0260e-09  ;...
   2.2266e+01  1.0378e-12  1.3474e-01  -1.3474e-01  -1.3474e-01  4.9758e-07  1.5899e-09  ;...
   2.2546e+01  7.5365e-13  1.3306e-01  -1.3306e-01  -1.3306e-01  4.2403e-07  1.2441e-09  ;...
   2.2829e+01  5.4532e-13  1.3141e-01  -1.3141e-01  -1.3141e-01  3.6069e-07  9.7025e-10  ;...
   2.3116e+01  3.9312e-13  1.2978e-01  -1.2978e-01  -1.2978e-01  3.0625e-07  7.5488e-10  ;...
   2.3407e+01  2.8233e-13  1.2817e-01  -1.2817e-01  -1.2817e-01  2.5953e-07  5.8529e-10  ;...
   2.3702e+01  2.0200e-13  1.2657e-01  -1.2657e-01  -1.2657e-01  2.1952e-07  4.5356e-10  ;...
   2.4000e+01  1.4396e-13  1.2500e-01  -1.2500e-01  -1.2500e-01  1.8533e-07  3.5000e-10  ;...
   2.4302e+01  1.0220e-13  1.2345e-01  -1.2345e-01  -1.2345e-01  1.5615e-07  2.6953e-10  ;...
   2.4607e+01  7.2271e-14  1.2192e-01  -1.2192e-01  -1.2192e-01  1.3131e-07  2.0522e-10  ;...
   2.4917e+01  5.0900e-14  1.2040e-01  -1.2040e-01  -1.2040e-01  1.1019e-07  1.5652e-10  ;...
   2.5230e+01  3.5704e-14  1.1891e-01  -1.1891e-01  -1.1891e-01  9.2289e-08  1.1891e-10  ;...
   2.5548e+01  2.4942e-14  1.1743e-01  -1.1743e-01  -1.1743e-01  7.7136e-08  9.0028e-11  ;...
   2.5869e+01  1.7351e-14  1.1597e-01  -1.1597e-01  -1.1597e-01  6.4337e-08  6.9582e-11  ;...
   2.6194e+01  1.2020e-14  1.1453e-01  -1.1453e-01  -1.1453e-01  5.3549e-08  5.1538e-11  ;...
   2.6524e+01  8.2916e-15  1.1311e-01  -1.1311e-01  -1.1311e-01  4.4474e-08  3.9587e-11  ;...
   2.6857e+01  5.6950e-15  1.1170e-01  -1.1170e-01  -1.1170e-01  3.6858e-08  2.9787e-11  ;...
   2.7195e+01  3.8944e-15  1.1031e-01  -1.1031e-01  -1.1031e-01  3.0480e-08  2.2063e-11  ;...
   2.7537e+01  2.6514e-15  1.0894e-01  -1.0894e-01  -1.0894e-01  2.5149e-08  1.6341e-11  ;...
   2.7884e+01  1.7970e-15  1.0759e-01  -1.0759e-01  -1.0759e-01  2.0705e-08  1.2552e-11  ;...
   2.8234e+01  1.2125e-15  1.0625e-01  -1.0625e-01  -1.0625e-01  1.7006e-08  8.8544e-12  ;...
   2.8590e+01  8.1430e-16  1.0493e-01  -1.0493e-01  -1.0493e-01  1.3937e-08  6.9955e-12  ;...
   2.8949e+01  5.4435e-16  1.0363e-01  -1.0363e-01  -1.0363e-01  1.1394e-08  5.1815e-12  ;...
   2.9313e+01  3.6218e-16  1.0234e-01  -1.0234e-01  -1.0234e-01  9.2942e-09  3.4114e-12  ;...
   2.9682e+01  2.3982e-16  1.0107e-01  -1.0107e-01  -1.0107e-01  7.5639e-09  1.6845e-12  ;...
   3.0055e+01  1.5804e-16  9.9815e-02  -9.9815e-02  -9.9815e-02  6.1401e-09  1.6636e-12  ;...
   3.0434e+01  1.0364e-16  9.8575e-02  -9.8575e-02  -9.8575e-02  4.9721e-09  1.6429e-12  ;...
   3.0816e+01  6.7624e-17  9.7351e-02  -9.7351e-02  -9.7351e-02  4.0161e-09  1.6225e-12  ;...
   3.1204e+01  4.3905e-17  9.6142e-02  -9.6142e-02  -9.6142e-02  3.2366e-09  0.0000e+00  ;...
   3.1597e+01  2.8361e-17  9.4947e-02  -9.4947e-02  -9.4947e-02  2.6010e-09  0.0000e+00  ;...
   3.1994e+01  1.8226e-17  9.3768e-02  -9.3768e-02  -9.3768e-02  2.0846e-09  0.0000e+00  ;...
   3.2396e+01  1.1652e-17  9.2603e-02  -9.2603e-02  -9.2603e-02  1.6666e-09  0.0000e+00  ;...
   3.2804e+01  7.4098e-18  9.1453e-02  -9.1453e-02  -9.1453e-02  1.3301e-09  0.0000e+00  ;...
   3.3217e+01  4.6870e-18  9.0317e-02  -9.0317e-02  -9.0317e-02  1.0576e-09  0.0000e+00  ;...
   3.3634e+01  2.9487e-18  8.9195e-02  -8.9195e-02  -8.9195e-02  8.3820e-10  0.0000e+00  ;...
   3.4057e+01  1.8450e-18  8.8087e-02  -8.8087e-02  -8.8087e-02  6.6281e-10  0.0000e+00  ;...
   3.4486e+01  1.1480e-18  8.6992e-02  -8.6992e-02  -8.6992e-02  5.2281e-10  0.0000e+00  ;...
   3.4920e+01  7.1031e-19  8.5912e-02  -8.5912e-02  -8.5912e-02  4.1137e-10  0.0000e+00  ;...
   3.5359e+01  4.3700e-19  8.4844e-02  -8.4844e-02  -8.4844e-02  3.2335e-10  0.0000e+00  ;...
   3.5804e+01  2.6731e-19  8.3790e-02  -8.3790e-02  -8.3790e-02  2.5246e-10  0.0000e+00  ;...
   3.6254e+01  1.6256e-19  8.2750e-02  -8.2750e-02  -8.2750e-02  1.9677e-10  0.0000e+00  ;...
   3.6710e+01  9.8274e-20  8.1722e-02  -8.1722e-02  -8.1722e-02  1.5306e-10  0.0000e+00  ;...
   3.7172e+01  5.9056e-20  8.0706e-02  -8.0706e-02  -8.0706e-02  1.1830e-10  0.0000e+00  ;...
   3.7639e+01  3.5275e-20  7.9704e-02  -7.9704e-02  -7.9704e-02  9.2166e-11  0.0000e+00  ;...
   3.8113e+01  2.0941e-20  7.8714e-02  -7.8714e-02  -7.8714e-02  7.0510e-11  0.0000e+00  ;...
   3.8592e+01  1.2354e-20  7.7736e-02  -7.7736e-02  -7.7736e-02  5.4441e-11  0.0000e+00  ;...
   3.9078e+01  7.2430e-21  7.6770e-02  -7.6770e-02  -7.6770e-02  4.1261e-11  0.0000e+00  ;...
   3.9569e+01  4.2194e-21  7.5817e-02  -7.5817e-02  -7.5817e-02  3.2105e-11  0.0000e+00  ;...
   4.0067e+01  2.4422e-21  7.4875e-02  -7.4875e-02  -7.4875e-02  2.4389e-11  0.0000e+00  ;...
   4.0571e+01  1.4043e-21  7.3945e-02  -7.3945e-02  -7.3945e-02  1.8065e-11  0.0000e+00  ;...
   4.1081e+01  8.0219e-22  7.3026e-02  -7.3026e-02  -7.3026e-02  1.4272e-11  0.0000e+00  ;...
   4.1598e+01  4.5518e-22  7.2119e-02  -7.2119e-02  -7.2119e-02  1.0571e-11  0.0000e+00  ;...
   4.2121e+01  2.5653e-22  7.1223e-02  -7.1223e-02  -7.1223e-02  8.1200e-12  0.0000e+00  ;...
   4.2651e+01  1.4358e-22  7.0338e-02  -7.0338e-02  -7.0338e-02  5.7279e-12  0.0000e+00  ;...
   4.3187e+01  7.9810e-23  6.9465e-02  -6.9465e-02  -6.9465e-02  4.5254e-12  0.0000e+00  ;...
   4.3731e+01  4.4050e-23  6.8602e-02  -6.8602e-02  -6.8602e-02  3.3519e-12  0.0000e+00  ;...
   4.4281e+01  2.4140e-23  6.7749e-02  -6.7749e-02  -6.7749e-02  2.2068e-12  0.0000e+00  ;...
   4.4838e+01  1.3134e-23  6.6908e-02  -6.6908e-02  -6.6908e-02  2.1794e-12  0.0000e+00  ;...
   4.5402e+01  7.0935e-24  6.6077e-02  -6.6077e-02  -6.6077e-02  1.0762e-12  0.0000e+00  ;...
   4.5973e+01  3.8029e-24  6.5256e-02  -6.5256e-02  -6.5256e-02  1.0628e-12  0.0000e+00  ;...
   4.6551e+01  2.0235e-24  6.4445e-02  -6.4445e-02  -6.4445e-02  1.0496e-12  0.0000e+00  ;...
   4.7137e+01  1.0686e-24  6.3645e-02  -6.3645e-02  -6.3645e-02  0.0000e+00  0.0000e+00  ;...
   4.7730e+01  5.5997e-25  6.2854e-02  -6.2854e-02  -6.2854e-02  0.0000e+00  0.0000e+00  ;...
   4.8330e+01  2.9116e-25  6.2073e-02  -6.2073e-02  -6.2073e-02  0.0000e+00  0.0000e+00  ;...
   4.8938e+01  1.5020e-25  6.1302e-02  -6.1302e-02  -6.1302e-02  0.0000e+00  0.0000e+00  ;...
   4.9553e+01  7.6871e-26  6.0541e-02  -6.0541e-02  -6.0541e-02  0.0000e+00  0.0000e+00  ;...
   5.0177e+01  3.9023e-26  5.9789e-02  -5.9789e-02  -5.9789e-02  0.0000e+00  0.0000e+00  ;...
   5.0808e+01  1.9649e-26  5.9046e-02  -5.9046e-02  -5.9046e-02  0.0000e+00  0.0000e+00  ;...
   5.1447e+01  9.8115e-27  5.8312e-02  -5.8312e-02  -5.8312e-02  0.0000e+00  0.0000e+00  ;...
   5.2094e+01  4.8584e-27  5.7588e-02  -5.7588e-02  -5.7588e-02  0.0000e+00  0.0000e+00  ;...
   5.2749e+01  2.3854e-27  5.6873e-02  -5.6873e-02  -5.6873e-02  0.0000e+00  0.0000e+00  ;...
   5.3413e+01  1.1611e-27  5.6166e-02  -5.6166e-02  -5.6166e-02  0.0000e+00  0.0000e+00  ;...
   5.4085e+01  5.6029e-28  5.5468e-02  -5.5468e-02  -5.5468e-02  0.0000e+00  0.0000e+00  ;...
   5.4765e+01  2.6798e-28  5.4779e-02  -5.4779e-02  -5.4779e-02  0.0000e+00  0.0000e+00  ;...
   5.5454e+01  1.2703e-28  5.4099e-02  -5.4099e-02  -5.4099e-02  0.0000e+00  0.0000e+00  ;...
   5.6151e+01  5.9677e-29  5.3427e-02  -5.3427e-02  -5.3427e-02  0.0000e+00  0.0000e+00  ;...
   5.6858e+01  2.7778e-29  5.2763e-02  -5.2763e-02  -5.2763e-02  0.0000e+00  0.0000e+00  ;...
   5.7573e+01  1.2811e-29  5.2108e-02  -5.2108e-02  -5.2108e-02  0.0000e+00  0.0000e+00  ;...
   5.8297e+01  5.8527e-30  5.1460e-02  -5.1460e-02  -5.1460e-02  0.0000e+00  0.0000e+00  ;...
   5.9030e+01  2.6485e-30  5.0821e-02  -5.0821e-02  -5.0821e-02  0.0000e+00  0.0000e+00  ;...
   5.9773e+01  1.1870e-30  5.0190e-02  -5.0190e-02  -5.0190e-02  0.0000e+00  0.0000e+00  ;...
   6.0525e+01  5.2684e-31  4.9566e-02  -4.9566e-02  -4.9566e-02  0.0000e+00  0.0000e+00  ;...
   6.1286e+01  2.3153e-31  4.8951e-02  -4.8951e-02  -4.8951e-02  0.0000e+00  0.0000e+00  ;...
   6.2057e+01  1.0074e-31  4.8343e-02  -4.8343e-02  -4.8343e-02  0.0000e+00  0.0000e+00  ;...
   6.2838e+01  4.3387e-32  4.7742e-02  -4.7742e-02  -4.7742e-02  0.0000e+00  0.0000e+00  ;...
   6.3628e+01  1.8496e-32  4.7149e-02  -4.7149e-02  -4.7149e-02  0.0000e+00  0.0000e+00  ;...
   6.4428e+01  7.8034e-33  4.6563e-02  -4.6563e-02  -4.6563e-02  0.0000e+00  0.0000e+00  ;...
   6.5239e+01  3.2577e-33  4.5985e-02  -4.5985e-02  -4.5985e-02  0.0000e+00  0.0000e+00  ;...
   6.6059e+01  1.3456e-33  4.5414e-02  -4.5414e-02  -4.5414e-02  0.0000e+00  0.0000e+00  ;...
   6.6890e+01  5.4984e-34  4.4850e-02  -4.4850e-02  -4.4850e-02  0.0000e+00  0.0000e+00  ;...
   6.7732e+01  2.2223e-34  4.4292e-02  -4.4292e-02  -4.4292e-02  0.0000e+00  0.0000e+00  ;...
   6.8584e+01  8.8831e-35  4.3742e-02  -4.3742e-02  -4.3742e-02  0.0000e+00  0.0000e+00  ;...
   6.9446e+01  3.5112e-35  4.3199e-02  -4.3199e-02  -4.3199e-02  0.0000e+00  0.0000e+00  ;...
   7.0320e+01  1.3722e-35  4.2662e-02  -4.2662e-02  -4.2662e-02  0.0000e+00  0.0000e+00  ;...
   7.1204e+01  5.3015e-36  4.2132e-02  -4.2132e-02  -4.2132e-02  0.0000e+00  0.0000e+00  ;...
   7.2100e+01  2.0245e-36  4.1609e-02  -4.1609e-02  -4.1609e-02  0.0000e+00  0.0000e+00  ;...
   7.3007e+01  7.6405e-37  4.1092e-02  -4.1092e-02  -4.1092e-02  0.0000e+00  0.0000e+00  ;...
   7.3925e+01  2.8493e-37  4.0581e-02  -4.0581e-02  -4.0581e-02  0.0000e+00  0.0000e+00  ;...
   7.4855e+01  1.0498e-37  4.0077e-02  -4.0077e-02  -4.0077e-02  0.0000e+00  0.0000e+00  ;...
   7.5797e+01  3.8210e-38  3.9580e-02  -3.9580e-02  -3.9580e-02  0.0000e+00  0.0000e+00  ;...
   7.6750e+01  1.3736e-38  3.9088e-02  -3.9088e-02  -3.9088e-02  0.0000e+00  0.0000e+00  ;...
   7.7716e+01  4.8762e-39  3.8602e-02  -3.8602e-02  -3.8602e-02  0.0000e+00  0.0000e+00  ;...
   7.8693e+01  1.7092e-39  3.8123e-02  -3.8123e-02  -3.8123e-02  0.0000e+00  0.0000e+00  ;...
   7.9683e+01  5.9145e-40  3.7649e-02  -3.7649e-02  -3.7649e-02  0.0000e+00  0.0000e+00  ;...
   8.0685e+01  2.0201e-40  3.7182e-02  -3.7182e-02  -3.7182e-02  0.0000e+00  0.0000e+00  ;...
   8.1700e+01  6.8095e-41  3.6720e-02  -3.6720e-02  -3.6720e-02  0.0000e+00  0.0000e+00  ;...
   8.2728e+01  2.2649e-41  3.6263e-02  -3.6263e-02  -3.6263e-02  0.0000e+00  0.0000e+00  ;...
   8.3768e+01  7.4319e-42  3.5813e-02  -3.5813e-02  -3.5813e-02  0.0000e+00  0.0000e+00  ;...
   8.4822e+01  2.4055e-42  3.5368e-02  -3.5368e-02  -3.5368e-02  0.0000e+00  0.0000e+00  ;...
   8.5889e+01  7.6788e-43  3.4929e-02  -3.4929e-02  -3.4929e-02  0.0000e+00  0.0000e+00  ;...
   8.6969e+01  2.4170e-43  3.4495e-02  -3.4495e-02  -3.4495e-02  0.0000e+00  0.0000e+00  ;...
   8.8063e+01  7.5003e-44  3.4066e-02  -3.4066e-02  -3.4066e-02  0.0000e+00  0.0000e+00  ;...
   8.9171e+01  2.2942e-44  3.3643e-02  -3.3643e-02  -3.3643e-02  0.0000e+00  0.0000e+00  ;...
   9.0293e+01  6.9157e-45  3.3225e-02  -3.3225e-02  -3.3225e-02  0.0000e+00  0.0000e+00  ;...
   9.1428e+01  2.0541e-45  3.2813e-02  -3.2813e-02  -3.2813e-02  0.0000e+00  0.0000e+00  ;...
   9.2578e+01  6.0108e-46  3.2405e-02  -3.2405e-02  -3.2405e-02  0.0000e+00  0.0000e+00  ;...
   9.3743e+01  1.7324e-46  3.2002e-02  -3.2002e-02  -3.2002e-02  0.0000e+00  0.0000e+00  ;...
   9.4922e+01  4.9171e-47  3.1605e-02  -3.1605e-02  -3.1605e-02  0.0000e+00  0.0000e+00  ;...
   9.6116e+01  1.3741e-47  3.1212e-02  -3.1212e-02  -3.1212e-02  0.0000e+00  0.0000e+00  ;...
   9.7325e+01  3.7801e-48  3.0825e-02  -3.0825e-02  -3.0825e-02  0.0000e+00  0.0000e+00  ;...
   9.8549e+01  1.0235e-48  3.0442e-02  -3.0442e-02  -3.0442e-02  0.0000e+00  0.0000e+00  ;...
   9.9789e+01  2.7266e-49  3.0063e-02  -3.0063e-02  -3.0063e-02  0.0000e+00  0.0000e+00  ;...
   1.0104e+02  7.1465e-50  2.9690e-02  -2.9690e-02  -2.9690e-02  0.0000e+00  0.0000e+00  ;...
   1.0232e+02  1.8424e-50  2.9321e-02  -2.9321e-02  -2.9321e-02  0.0000e+00  0.0000e+00  ;...
   1.0360e+02  4.6707e-51  2.8957e-02  -2.8957e-02  -2.8957e-02  0.0000e+00  0.0000e+00  ;...
   1.0491e+02  1.1642e-51  2.8597e-02  -2.8597e-02  -2.8597e-02  0.0000e+00  0.0000e+00  ;...
   1.0622e+02  2.8523e-52  2.8242e-02  -2.8242e-02  -2.8242e-02  0.0000e+00  0.0000e+00  ;...
   1.0756e+02  6.8680e-53  2.7891e-02  -2.7891e-02  -2.7891e-02  0.0000e+00  0.0000e+00  ;...
   1.0891e+02  1.6248e-53  2.7545e-02  -2.7545e-02  -2.7545e-02  0.0000e+00  0.0000e+00  ;...
   1.1028e+02  3.7761e-54  2.7203e-02  -2.7203e-02  -2.7203e-02  0.0000e+00  0.0000e+00  ;...
   1.1167e+02  8.6181e-55  2.6865e-02  -2.6865e-02  -2.6865e-02  0.0000e+00  0.0000e+00  ;...
   1.1308e+02  1.9315e-55  2.6531e-02  -2.6531e-02  -2.6531e-02  0.0000e+00  0.0000e+00  ;...
   1.1450e+02  4.2566e-56  2.6201e-02  -2.6201e-02  -2.6201e-02  0.0000e+00  0.0000e+00  ;...
   1.1594e+02  9.2064e-57  2.5876e-02  -2.5876e-02  -2.5876e-02  0.0000e+00  0.0000e+00  ;...
   ];