data = [...
   7.7947e-06  1.7120e-01  9.4542e-01  -3.5098e+00  -1.4360e-01  0.0000e+00  1.4628e-01  ;...
   1.5687e-05  1.7120e-01  9.4542e-01  -3.5098e+00  -1.4360e-01  6.2292e-06  1.4629e-01  ;...
   2.3680e-05  1.7120e-01  9.4542e-01  -3.5098e+00  -1.4360e-01  8.2536e-06  1.4629e-01  ;...
   3.1772e-05  1.7120e-01  9.4542e-01  -3.5098e+00  -1.4360e-01  9.2270e-06  1.4629e-01  ;...
   3.9966e-05  1.7120e-01  9.4542e-01  -3.5098e+00  -1.4360e-01  1.2225e-05  1.4629e-01  ;...
   4.8264e-05  1.7120e-01  9.4542e-01  -3.5098e+00  -1.4360e-01  1.5185e-05  1.4629e-01  ;...
   5.6666e-05  1.7120e-01  9.4542e-01  -3.5098e+00  -1.4360e-01  1.7245e-05  1.4629e-01  ;...
   6.5173e-05  1.7120e-01  9.4542e-01  -3.5098e+00  -1.4360e-01  2.0242e-05  1.4629e-01  ;...
   7.3788e-05  1.7120e-01  9.4542e-01  -3.5098e+00  -1.4360e-01  2.2514e-05  1.4629e-01  ;...
   8.2511e-05  1.7120e-01  9.4542e-01  -3.5098e+00  -1.4360e-01  2.5463e-05  1.4629e-01  ;...
   9.1343e-05  1.7120e-01  9.4542e-01  -3.5098e+00  -1.4360e-01  2.7815e-05  1.4629e-01  ;...
   1.0029e-04  1.7120e-01  9.4542e-01  -3.5098e+00  -1.4360e-01  3.0694e-05  1.4629e-01  ;...
   1.0934e-04  1.7120e-01  9.4542e-01  -3.5098e+00  -1.4360e-01  3.3514e-05  1.4629e-01  ;...
   1.1851e-04  1.7120e-01  9.4542e-01  -3.5098e+00  -1.4360e-01  3.6280e-05  1.4629e-01  ;...
   1.2780e-04  1.7120e-01  9.4542e-01  -3.5098e+00  -1.4360e-01  3.9379e-05  1.4629e-01  ;...
   1.3720e-04  1.7120e-01  9.4542e-01  -3.5098e+00  -1.4360e-01  4.2022e-05  1.4629e-01  ;...
   1.4672e-04  1.7120e-01  9.4542e-01  -3.5098e+00  -1.4360e-01  4.4957e-05  1.4629e-01  ;...
   1.5636e-04  1.7120e-01  9.4542e-01  -3.5098e+00  -1.4360e-01  4.8122e-05  1.4629e-01  ;...
   1.6612e-04  1.7120e-01  9.4542e-01  -3.5098e+00  -1.4360e-01  5.1177e-05  1.4629e-01  ;...
   1.7601e-04  1.7120e-01  9.4542e-01  -3.5098e+00  -1.4360e-01  5.4133e-05  1.4629e-01  ;...
   1.8602e-04  1.7120e-01  9.4542e-01  -3.5098e+00  -1.4360e-01  5.7261e-05  1.4629e-01  ;...
   1.9615e-04  1.7120e-01  9.4542e-01  -3.5098e+00  -1.4360e-01  6.0281e-05  1.4629e-01  ;...
   2.0641e-04  1.7120e-01  9.4542e-01  -3.5098e+00  -1.4360e-01  6.3439e-05  1.4629e-01  ;...
   2.1680e-04  1.7120e-01  9.4542e-01  -3.5098e+00  -1.4360e-01  6.6709e-05  1.4629e-01  ;...
   2.2733e-04  1.7120e-01  9.4542e-01  -3.5098e+00  -1.4360e-01  6.9854e-05  1.4629e-01  ;...
   2.3798e-04  1.7120e-01  9.4542e-01  -3.5098e+00  -1.4360e-01  7.3091e-05  1.4629e-01  ;...
   2.4877e-04  1.7120e-01  9.4542e-01  -3.5098e+00  -1.4360e-01  7.6403e-05  1.4629e-01  ;...
   2.5969e-04  1.7120e-01  9.4542e-01  -3.5098e+00  -1.4360e-01  7.9775e-05  1.4629e-01  ;...
   2.7075e-04  1.7120e-01  9.4542e-01  -3.5098e+00  -1.4360e-01  8.3193e-05  1.4629e-01  ;...
   2.8195e-04  1.7120e-01  9.4542e-01  -3.5098e+00  -1.4360e-01  8.6646e-05  1.4629e-01  ;...
   2.9329e-04  1.7120e-01  9.4542e-01  -3.5098e+00  -1.4360e-01  9.0126e-05  1.4629e-01  ;...
   3.0478e-04  1.7120e-01  9.4542e-01  -3.5098e+00  -1.4360e-01  9.3624e-05  1.4629e-01  ;...
   3.1641e-04  1.7120e-01  9.4542e-01  -3.5098e+00  -1.4360e-01  9.7286e-05  1.4629e-01  ;...
   3.2818e-04  1.7120e-01  9.4542e-01  -3.5098e+00  -1.4360e-01  1.0079e-04  1.4629e-01  ;...
   3.4010e-04  1.7120e-01  9.4542e-01  -3.5098e+00  -1.4360e-01  1.0444e-04  1.4629e-01  ;...
   3.5218e-04  1.7120e-01  9.4542e-01  -3.5098e+00  -1.4360e-01  1.0822e-04  1.4629e-01  ;...
   3.6440e-04  1.7120e-01  9.4542e-01  -3.5098e+00  -1.4360e-01  1.1196e-04  1.4629e-01  ;...
   3.7678e-04  1.7120e-01  9.4542e-01  -3.5098e+00  -1.4360e-01  1.1580e-04  1.4629e-01  ;...
   3.8931e-04  1.7120e-01  9.4542e-01  -3.5098e+00  -1.4360e-01  1.1961e-04  1.4629e-01  ;...
   4.0200e-04  1.7120e-01  9.4542e-01  -3.5098e+00  -1.4360e-01  1.2349e-04  1.4629e-01  ;...
   4.1486e-04  1.7120e-01  9.4542e-01  -3.5098e+00  -1.4360e-01  1.2743e-04  1.4629e-01  ;...
   4.2787e-04  1.7120e-01  9.4542e-01  -3.5098e+00  -1.4360e-01  1.3144e-04  1.4629e-01  ;...
   4.4105e-04  1.7120e-01  9.4542e-01  -3.5098e+00  -1.4360e-01  1.3549e-04  1.4629e-01  ;...
   4.5439e-04  1.7120e-01  9.4542e-01  -3.5098e+00  -1.4360e-01  1.3957e-04  1.4629e-01  ;...
   4.6790e-04  1.7120e-01  9.4542e-01  -3.5098e+00  -1.4360e-01  1.4379e-04  1.4629e-01  ;...
   4.8158e-04  1.7120e-01  9.4542e-01  -3.5098e+00  -1.4360e-01  1.4793e-04  1.4629e-01  ;...
   4.9543e-04  1.7120e-01  9.4542e-01  -3.5098e+00  -1.4360e-01  1.5217e-04  1.4629e-01  ;...
   5.0946e-04  1.7120e-01  9.4542e-01  -3.5098e+00  -1.4360e-01  1.5652e-04  1.4629e-01  ;...
   5.2366e-04  1.7120e-01  9.4542e-01  -3.5098e+00  -1.4360e-01  1.6086e-04  1.4629e-01  ;...
   5.3804e-04  1.7120e-01  9.4542e-01  -3.5098e+00  -1.4360e-01  1.6528e-04  1.4629e-01  ;...
   5.5260e-04  1.7120e-01  9.4542e-01  -3.5098e+00  -1.4360e-01  1.6976e-04  1.4629e-01  ;...
   5.6735e-04  1.7120e-01  9.4542e-01  -3.5098e+00  -1.4360e-01  1.7431e-04  1.4629e-01  ;...
   5.8228e-04  1.7120e-01  9.4542e-01  -3.5098e+00  -1.4360e-01  1.7890e-04  1.4629e-01  ;...
   5.9740e-04  1.7120e-01  9.4542e-01  -3.5098e+00  -1.4360e-01  1.8353e-04  1.4629e-01  ;...
   6.1271e-04  1.7120e-01  9.4542e-01  -3.5098e+00  -1.4360e-01  1.8828e-04  1.4629e-01  ;...
   6.2821e-04  1.7120e-01  9.4542e-01  -3.5098e+00  -1.4360e-01  1.9304e-04  1.4629e-01  ;...
   6.4391e-04  1.7120e-01  9.4542e-01  -3.5098e+00  -1.4360e-01  1.9782e-04  1.4629e-01  ;...
   6.5980e-04  1.7120e-01  9.4542e-01  -3.5098e+00  -1.4360e-01  2.0268e-04  1.4629e-01  ;...
   6.7590e-04  1.7120e-01  9.4542e-01  -3.5098e+00  -1.4360e-01  2.0769e-04  1.4629e-01  ;...
   6.9219e-04  1.7120e-01  9.4542e-01  -3.5098e+00  -1.4360e-01  2.1268e-04  1.4629e-01  ;...
   7.0869e-04  1.7120e-01  9.4542e-01  -3.5098e+00  -1.4360e-01  2.1773e-04  1.4629e-01  ;...
   7.2540e-04  1.7120e-01  9.4542e-01  -3.5098e+00  -1.4360e-01  2.2288e-04  1.4629e-01  ;...
   7.4232e-04  1.7120e-01  9.4542e-01  -3.5098e+00  -1.4360e-01  2.2807e-04  1.4629e-01  ;...
   7.5945e-04  1.7120e-01  9.4542e-01  -3.5098e+00  -1.4360e-01  2.3335e-04  1.4629e-01  ;...
   7.7680e-04  1.7120e-01  9.4542e-01  -3.5098e+00  -1.4360e-01  2.3864e-04  1.4629e-01  ;...
   7.9437e-04  1.7120e-01  9.4542e-01  -3.5098e+00  -1.4360e-01  2.4407e-04  1.4629e-01  ;...
   8.1215e-04  1.7120e-01  9.4542e-01  -3.5098e+00  -1.4360e-01  2.4955e-04  1.4629e-01  ;...
   8.3016e-04  1.7120e-01  9.4542e-01  -3.5098e+00  -1.4360e-01  2.5508e-04  1.4629e-01  ;...
   8.4840e-04  1.7120e-01  9.4542e-01  -3.5098e+00  -1.4360e-01  2.6066e-04  1.4629e-01  ;...
   8.6687e-04  1.7120e-01  9.4542e-01  -3.5098e+00  -1.4360e-01  2.6632e-04  1.4629e-01  ;...
   8.8556e-04  1.7120e-01  9.4542e-01  -3.5098e+00  -1.4360e-01  2.7206e-04  1.4629e-01  ;...
   9.0450e-04  1.7120e-01  9.4542e-01  -3.5098e+00  -1.4360e-01  2.7787e-04  1.4629e-01  ;...
   9.2367e-04  1.7120e-01  9.4542e-01  -3.5098e+00  -1.4360e-01  2.8380e-04  1.4629e-01  ;...
   9.4308e-04  1.7120e-01  9.4542e-01  -3.5098e+00  -1.4360e-01  2.8977e-04  1.4629e-01  ;...
   9.6274e-04  1.7120e-01  9.4542e-01  -3.5098e+00  -1.4360e-01  2.9578e-04  1.4629e-01  ;...
   9.8265e-04  1.7120e-01  9.4542e-01  -3.5098e+00  -1.4360e-01  3.0192e-04  1.4629e-01  ;...
   1.0028e-03  1.7120e-01  9.4542e-01  -3.5098e+00  -1.4360e-01  3.0808e-04  1.4629e-01  ;...
   1.0232e-03  1.7120e-01  9.4542e-01  -3.5098e+00  -1.4360e-01  3.1435e-04  1.4629e-01  ;...
   1.0439e-03  1.7120e-01  9.4542e-01  -3.5098e+00  -1.4360e-01  3.2072e-04  1.4629e-01  ;...
   1.0648e-03  1.7120e-01  9.4542e-01  -3.5098e+00  -1.4360e-01  3.2717e-04  1.4629e-01  ;...
   1.0860e-03  1.7120e-01  9.4542e-01  -3.5098e+00  -1.4360e-01  3.3366e-04  1.4629e-01  ;...
   1.1074e-03  1.7120e-01  9.4542e-01  -3.5098e+00  -1.4360e-01  3.4025e-04  1.4629e-01  ;...
   1.1292e-03  1.7120e-01  9.4542e-01  -3.5098e+00  -1.4360e-01  3.4695e-04  1.4629e-01  ;...
   1.1512e-03  1.7120e-01  9.4542e-01  -3.5098e+00  -1.4360e-01  3.5369e-04  1.4629e-01  ;...
   1.1734e-03  1.7120e-01  9.4542e-01  -3.5098e+00  -1.4360e-01  3.6055e-04  1.4629e-01  ;...
   1.1960e-03  1.7120e-01  9.4542e-01  -3.5098e+00  -1.4360e-01  3.6748e-04  1.4629e-01  ;...
   1.2188e-03  1.7120e-01  9.4542e-01  -3.5098e+00  -1.4360e-01  3.7446e-04  1.4629e-01  ;...
   1.2420e-03  1.7120e-01  9.4542e-01  -3.5098e+00  -1.4360e-01  3.8157e-04  1.4629e-01  ;...
   1.2654e-03  1.7120e-01  9.4542e-01  -3.5098e+00  -1.4360e-01  3.8876e-04  1.4629e-01  ;...
   1.2891e-03  1.7120e-01  9.4542e-01  -3.5098e+00  -1.4360e-01  3.9605e-04  1.4629e-01  ;...
   1.3131e-03  1.7120e-01  9.4542e-01  -3.5098e+00  -1.4360e-01  4.0343e-04  1.4629e-01  ;...
   1.3374e-03  1.7120e-01  9.4542e-01  -3.5098e+00  -1.4360e-01  4.1089e-04  1.4629e-01  ;...
   1.3620e-03  1.7120e-01  9.4542e-01  -3.5098e+00  -1.4360e-01  4.1846e-04  1.4629e-01  ;...
   1.3870e-03  1.7120e-01  9.4542e-01  -3.5098e+00  -1.4360e-01  4.2612e-04  1.4629e-01  ;...
   1.4122e-03  1.7120e-01  9.4542e-01  -3.5098e+00  -1.4360e-01  4.3387e-04  1.4629e-01  ;...
   1.4377e-03  1.7120e-01  9.4542e-01  -3.5098e+00  -1.4360e-01  4.4172e-04  1.4629e-01  ;...
   1.4636e-03  1.7120e-01  9.4542e-01  -3.5098e+00  -1.4360e-01  4.4970e-04  1.4629e-01  ;...
   1.4898e-03  1.7120e-01  9.4542e-01  -3.5098e+00  -1.4360e-01  4.5773e-04  1.4629e-01  ;...
   1.5164e-03  1.7120e-01  9.4542e-01  -3.5098e+00  -1.4360e-01  4.6590e-04  1.4629e-01  ;...
   1.5432e-03  1.7120e-01  9.4542e-01  -3.5098e+00  -1.4360e-01  4.7415e-04  1.4629e-01  ;...
   1.5704e-03  1.7120e-01  9.4542e-01  -3.5098e+00  -1.4360e-01  4.8252e-04  1.4629e-01  ;...
   1.5980e-03  1.7120e-01  9.4542e-01  -3.5098e+00  -1.4360e-01  4.9096e-04  1.4629e-01  ;...
   1.6259e-03  1.7120e-01  9.4542e-01  -3.5098e+00  -1.4360e-01  4.9955e-04  1.4629e-01  ;...
   1.6541e-03  1.7120e-01  9.4542e-01  -3.5098e+00  -1.4360e-01  5.0821e-04  1.4629e-01  ;...
   1.6827e-03  1.7120e-01  9.4542e-01  -3.5098e+00  -1.4360e-01  5.1702e-04  1.4629e-01  ;...
   1.7117e-03  1.7120e-01  9.4542e-01  -3.5098e+00  -1.4360e-01  5.2591e-04  1.4629e-01  ;...
   1.7410e-03  1.7120e-01  9.4542e-01  -3.5098e+00  -1.4360e-01  5.3490e-04  1.4629e-01  ;...
   1.7707e-03  1.7120e-01  9.4542e-01  -3.5098e+00  -1.4360e-01  5.4403e-04  1.4629e-01  ;...
   1.8008e-03  1.7120e-01  9.4542e-01  -3.5098e+00  -1.4360e-01  5.5327e-04  1.4629e-01  ;...
   1.8312e-03  1.7120e-01  9.4542e-01  -3.5098e+00  -1.4360e-01  5.6264e-04  1.4629e-01  ;...
   1.8621e-03  1.7120e-01  9.4542e-01  -3.5098e+00  -1.4360e-01  5.7211e-04  1.4629e-01  ;...
   1.8933e-03  1.7120e-01  9.4542e-01  -3.5098e+00  -1.4360e-01  5.8170e-04  1.4629e-01  ;...
   1.9249e-03  1.7120e-01  9.4542e-01  -3.5098e+00  -1.4360e-01  5.9141e-04  1.4629e-01  ;...
   1.9569e-03  1.7120e-01  9.4542e-01  -3.5098e+00  -1.4360e-01  6.0124e-04  1.4629e-01  ;...
   1.9893e-03  1.7120e-01  9.4542e-01  -3.5098e+00  -1.4360e-01  6.1119e-04  1.4629e-01  ;...
   2.0221e-03  1.7120e-01  9.4542e-01  -3.5098e+00  -1.4360e-01  6.2128e-04  1.4629e-01  ;...
   2.0553e-03  1.7120e-01  9.4542e-01  -3.5098e+00  -1.4360e-01  6.3149e-04  1.4629e-01  ;...
   2.0890e-03  1.7120e-01  9.4542e-01  -3.5098e+00  -1.4360e-01  6.4183e-04  1.4629e-01  ;...
   2.1231e-03  1.7120e-01  9.4542e-01  -3.5098e+00  -1.4360e-01  6.5229e-04  1.4629e-01  ;...
   2.1576e-03  1.7120e-01  9.4542e-01  -3.5098e+00  -1.4360e-01  6.6290e-04  1.4629e-01  ;...
   2.1925e-03  1.7120e-01  9.4542e-01  -3.5098e+00  -1.4360e-01  6.7364e-04  1.4629e-01  ;...
   2.2279e-03  1.7120e-01  9.4542e-01  -3.5098e+00  -1.4360e-01  6.8450e-04  1.4629e-01  ;...
   2.2637e-03  1.7120e-01  9.4542e-01  -3.5098e+00  -1.4360e-01  6.9549e-04  1.4629e-01  ;...
   2.3000e-03  1.7120e-01  9.4542e-01  -3.5098e+00  -1.4360e-01  7.0664e-04  1.4629e-01  ;...
   2.3367e-03  1.7120e-01  9.4542e-01  -3.5098e+00  -1.4360e-01  7.1793e-04  1.4629e-01  ;...
   2.3739e-03  1.7120e-01  9.4542e-01  -3.5098e+00  -1.4360e-01  7.2934e-04  1.4629e-01  ;...
   2.4115e-03  1.7120e-01  9.4542e-01  -3.5098e+00  -1.4360e-01  7.4091e-04  1.4629e-01  ;...
   2.4496e-03  1.7120e-01  9.4542e-01  -3.5098e+00  -1.4360e-01  7.5264e-04  1.4629e-01  ;...
   2.4883e-03  1.7120e-01  9.4542e-01  -3.5098e+00  -1.4360e-01  7.6450e-04  1.4629e-01  ;...
   2.5273e-03  1.7120e-01  9.4542e-01  -3.5098e+00  -1.4360e-01  7.7651e-04  1.4629e-01  ;...
   2.5669e-03  1.7120e-01  9.4542e-01  -3.5098e+00  -1.4360e-01  7.8868e-04  1.4629e-01  ;...
   2.6070e-03  1.7120e-01  9.4542e-01  -3.5098e+00  -1.4360e-01  8.0099e-04  1.4629e-01  ;...
   2.6476e-03  1.7120e-01  9.4542e-01  -3.5098e+00  -1.4360e-01  8.1346e-04  1.4629e-01  ;...
   2.6887e-03  1.7120e-01  9.4542e-01  -3.5098e+00  -1.4360e-01  8.2608e-04  1.4629e-01  ;...
   2.7303e-03  1.7120e-01  9.4542e-01  -3.5098e+00  -1.4360e-01  8.3887e-04  1.4629e-01  ;...
   2.7725e-03  1.7120e-01  9.4542e-01  -3.5098e+00  -1.4360e-01  8.5181e-04  1.4629e-01  ;...
   2.8151e-03  1.7120e-01  9.4542e-01  -3.5098e+00  -1.4360e-01  8.6492e-04  1.4629e-01  ;...
   2.8583e-03  1.7120e-01  9.4542e-01  -3.5098e+00  -1.4360e-01  8.7821e-04  1.4629e-01  ;...
   2.9021e-03  1.7120e-01  9.4542e-01  -3.5098e+00  -1.4360e-01  8.9164e-04  1.4629e-01  ;...
   2.9464e-03  1.7120e-01  9.4542e-01  -3.5098e+00  -1.4360e-01  9.0524e-04  1.4629e-01  ;...
   2.9912e-03  1.7120e-01  9.4542e-01  -3.5098e+00  -1.4360e-01  9.1903e-04  1.4629e-01  ;...
   3.0366e-03  1.7120e-01  9.4542e-01  -3.5098e+00  -1.4360e-01  9.3299e-04  1.4629e-01  ;...
   3.0826e-03  1.7120e-01  9.4542e-01  -3.5098e+00  -1.4360e-01  9.4711e-04  1.4629e-01  ;...
   3.1292e-03  1.7120e-01  9.4542e-01  -3.5098e+00  -1.4360e-01  9.6142e-04  1.4629e-01  ;...
   3.1764e-03  1.7120e-01  9.4542e-01  -3.5098e+00  -1.4360e-01  9.7591e-04  1.4629e-01  ;...
   3.2241e-03  1.7120e-01  9.4542e-01  -3.5098e+00  -1.4360e-01  9.9058e-04  1.4629e-01  ;...
   3.2725e-03  1.7120e-01  9.4542e-01  -3.5098e+00  -1.4360e-01  1.0054e-03  1.4629e-01  ;...
   3.3214e-03  1.7120e-01  9.4542e-01  -3.5098e+00  -1.4360e-01  1.0205e-03  1.4629e-01  ;...
   3.3710e-03  1.7120e-01  9.4542e-01  -3.5098e+00  -1.4360e-01  1.0357e-03  1.4629e-01  ;...
   3.4212e-03  1.7120e-01  9.4542e-01  -3.5098e+00  -1.4360e-01  1.0511e-03  1.4629e-01  ;...
   3.4720e-03  1.7120e-01  9.4542e-01  -3.5098e+00  -1.4359e-01  1.0667e-03  1.4629e-01  ;...
   3.5235e-03  1.7120e-01  9.4542e-01  -3.5098e+00  -1.4359e-01  1.0826e-03  1.4629e-01  ;...
   3.5756e-03  1.7120e-01  9.4542e-01  -3.5098e+00  -1.4359e-01  1.0986e-03  1.4629e-01  ;...
   3.6284e-03  1.7120e-01  9.4542e-01  -3.5098e+00  -1.4359e-01  1.1148e-03  1.4629e-01  ;...
   3.6818e-03  1.7120e-01  9.4542e-01  -3.5098e+00  -1.4359e-01  1.1312e-03  1.4629e-01  ;...
   3.7359e-03  1.7120e-01  9.4542e-01  -3.5098e+00  -1.4359e-01  1.1478e-03  1.4629e-01  ;...
   3.7907e-03  1.7120e-01  9.4542e-01  -3.5098e+00  -1.4359e-01  1.1647e-03  1.4629e-01  ;...
   3.8462e-03  1.7120e-01  9.4542e-01  -3.5098e+00  -1.4359e-01  1.1817e-03  1.4629e-01  ;...
   3.9023e-03  1.7120e-01  9.4542e-01  -3.5098e+00  -1.4359e-01  1.1990e-03  1.4629e-01  ;...
   3.9592e-03  1.7120e-01  9.4542e-01  -3.5098e+00  -1.4359e-01  1.2164e-03  1.4629e-01  ;...
   4.0168e-03  1.7120e-01  9.4542e-01  -3.5098e+00  -1.4359e-01  1.2341e-03  1.4629e-01  ;...
   4.0751e-03  1.7120e-01  9.4542e-01  -3.5098e+00  -1.4359e-01  1.2521e-03  1.4629e-01  ;...
   4.1342e-03  1.7120e-01  9.4542e-01  -3.5098e+00  -1.4359e-01  1.2702e-03  1.4629e-01  ;...
   4.1940e-03  1.7120e-01  9.4542e-01  -3.5098e+00  -1.4359e-01  1.2886e-03  1.4629e-01  ;...
   4.2545e-03  1.7120e-01  9.4542e-01  -3.5098e+00  -1.4359e-01  1.3072e-03  1.4629e-01  ;...
   4.3158e-03  1.7120e-01  9.4542e-01  -3.5098e+00  -1.4359e-01  1.3260e-03  1.4629e-01  ;...
   4.3779e-03  1.7120e-01  9.4542e-01  -3.5098e+00  -1.4359e-01  1.3451e-03  1.4629e-01  ;...
   4.4408e-03  1.7120e-01  9.4542e-01  -3.5098e+00  -1.4359e-01  1.3644e-03  1.4629e-01  ;...
   4.5044e-03  1.7120e-01  9.4542e-01  -3.5098e+00  -1.4359e-01  1.3839e-03  1.4629e-01  ;...
   4.5689e-03  1.7120e-01  9.4542e-01  -3.5098e+00  -1.4359e-01  1.4038e-03  1.4629e-01  ;...
   4.6342e-03  1.7120e-01  9.4542e-01  -3.5098e+00  -1.4359e-01  1.4238e-03  1.4629e-01  ;...
   4.7002e-03  1.7120e-01  9.4542e-01  -3.5098e+00  -1.4359e-01  1.4441e-03  1.4629e-01  ;...
   4.7672e-03  1.7120e-01  9.4542e-01  -3.5098e+00  -1.4359e-01  1.4647e-03  1.4629e-01  ;...
   4.8349e-03  1.7120e-01  9.4542e-01  -3.5098e+00  -1.4359e-01  1.4855e-03  1.4629e-01  ;...
   4.9035e-03  1.7120e-01  9.4542e-01  -3.5098e+00  -1.4359e-01  1.5066e-03  1.4629e-01  ;...
   4.9730e-03  1.7120e-01  9.4542e-01  -3.5098e+00  -1.4359e-01  1.5279e-03  1.4629e-01  ;...
   5.0434e-03  1.7120e-01  9.4542e-01  -3.5098e+00  -1.4359e-01  1.5495e-03  1.4629e-01  ;...
   5.1146e-03  1.7120e-01  9.4542e-01  -3.5098e+00  -1.4359e-01  1.5714e-03  1.4629e-01  ;...
   5.1867e-03  1.7120e-01  9.4542e-01  -3.5098e+00  -1.4359e-01  1.5936e-03  1.4629e-01  ;...
   5.2597e-03  1.7120e-01  9.4542e-01  -3.5098e+00  -1.4359e-01  1.6160e-03  1.4629e-01  ;...
   5.3337e-03  1.7120e-01  9.4542e-01  -3.5098e+00  -1.4359e-01  1.6387e-03  1.4629e-01  ;...
   5.4086e-03  1.7120e-01  9.4542e-01  -3.5098e+00  -1.4359e-01  1.6617e-03  1.4629e-01  ;...
   5.4844e-03  1.7120e-01  9.4542e-01  -3.5098e+00  -1.4359e-01  1.6850e-03  1.4629e-01  ;...
   5.5612e-03  1.7120e-01  9.4542e-01  -3.5098e+00  -1.4359e-01  1.7086e-03  1.4629e-01  ;...
   5.6389e-03  1.7120e-01  9.4542e-01  -3.5098e+00  -1.4359e-01  1.7325e-03  1.4629e-01  ;...
   5.7177e-03  1.7120e-01  9.4542e-01  -3.5098e+00  -1.4359e-01  1.7567e-03  1.4629e-01  ;...
   5.7974e-03  1.7120e-01  9.4542e-01  -3.5098e+00  -1.4359e-01  1.7812e-03  1.4629e-01  ;...
   5.8781e-03  1.7120e-01  9.4542e-01  -3.5098e+00  -1.4359e-01  1.8060e-03  1.4629e-01  ;...
   5.9598e-03  1.7120e-01  9.4542e-01  -3.5098e+00  -1.4359e-01  1.8311e-03  1.4629e-01  ;...
   6.0426e-03  1.7120e-01  9.4542e-01  -3.5098e+00  -1.4359e-01  1.8565e-03  1.4629e-01  ;...
   6.1264e-03  1.7120e-01  9.4542e-01  -3.5098e+00  -1.4359e-01  1.8823e-03  1.4629e-01  ;...
   6.2112e-03  1.7120e-01  9.4542e-01  -3.5098e+00  -1.4359e-01  1.9083e-03  1.4629e-01  ;...
   6.2972e-03  1.7120e-01  9.4542e-01  -3.5098e+00  -1.4359e-01  1.9347e-03  1.4629e-01  ;...
   6.3842e-03  1.7120e-01  9.4542e-01  -3.5098e+00  -1.4359e-01  1.9614e-03  1.4629e-01  ;...
   6.4723e-03  1.7120e-01  9.4542e-01  -3.5098e+00  -1.4359e-01  1.9885e-03  1.4629e-01  ;...
   6.5615e-03  1.7120e-01  9.4542e-01  -3.5098e+00  -1.4359e-01  2.0159e-03  1.4629e-01  ;...
   6.6518e-03  1.7120e-01  9.4542e-01  -3.5098e+00  -1.4359e-01  2.0437e-03  1.4629e-01  ;...
   6.7433e-03  1.7120e-01  9.4542e-01  -3.5098e+00  -1.4359e-01  2.0718e-03  1.4629e-01  ;...
   6.8359e-03  1.7120e-01  9.4542e-01  -3.5098e+00  -1.4359e-01  2.1002e-03  1.4629e-01  ;...
   6.9297e-03  1.7120e-01  9.4542e-01  -3.5098e+00  -1.4359e-01  2.1290e-03  1.4629e-01  ;...
   7.0246e-03  1.7120e-01  9.4542e-01  -3.5098e+00  -1.4359e-01  2.1582e-03  1.4629e-01  ;...
   7.1208e-03  1.7120e-01  9.4542e-01  -3.5098e+00  -1.4359e-01  2.1877e-03  1.4629e-01  ;...
   7.2181e-03  1.7121e-01  9.4542e-01  -3.5098e+00  -1.4359e-01  2.2177e-03  1.4629e-01  ;...
   7.3167e-03  1.7121e-01  9.4542e-01  -3.5098e+00  -1.4359e-01  2.2479e-03  1.4629e-01  ;...
   7.4165e-03  1.7121e-01  9.4542e-01  -3.5098e+00  -1.4359e-01  2.2786e-03  1.4629e-01  ;...
   7.5176e-03  1.7121e-01  9.4542e-01  -3.5098e+00  -1.4359e-01  2.3097e-03  1.4629e-01  ;...
   7.6200e-03  1.7121e-01  9.4542e-01  -3.5098e+00  -1.4359e-01  2.3411e-03  1.4629e-01  ;...
   7.7236e-03  1.7121e-01  9.4542e-01  -3.5098e+00  -1.4359e-01  2.3730e-03  1.4629e-01  ;...
   7.8286e-03  1.7121e-01  9.4542e-01  -3.5098e+00  -1.4359e-01  2.4052e-03  1.4629e-01  ;...
   7.9348e-03  1.7121e-01  9.4542e-01  -3.5098e+00  -1.4359e-01  2.4378e-03  1.4629e-01  ;...
   8.0424e-03  1.7121e-01  9.4542e-01  -3.5098e+00  -1.4359e-01  2.4709e-03  1.4629e-01  ;...
   8.1514e-03  1.7121e-01  9.4542e-01  -3.5098e+00  -1.4359e-01  2.5044e-03  1.4629e-01  ;...
   8.2617e-03  1.7121e-01  9.4542e-01  -3.5098e+00  -1.4359e-01  2.5383e-03  1.4629e-01  ;...
   8.3734e-03  1.7121e-01  9.4542e-01  -3.5098e+00  -1.4359e-01  2.5726e-03  1.4629e-01  ;...
   8.4866e-03  1.7121e-01  9.4542e-01  -3.5098e+00  -1.4359e-01  2.6073e-03  1.4629e-01  ;...
   8.6011e-03  1.7121e-01  9.4542e-01  -3.5098e+00  -1.4359e-01  2.6425e-03  1.4629e-01  ;...
   8.7171e-03  1.7121e-01  9.4542e-01  -3.5098e+00  -1.4359e-01  2.6782e-03  1.4629e-01  ;...
   8.8345e-03  1.7121e-01  9.4542e-01  -3.5098e+00  -1.4359e-01  2.7142e-03  1.4629e-01  ;...
   8.9534e-03  1.7121e-01  9.4542e-01  -3.5098e+00  -1.4359e-01  2.7508e-03  1.4629e-01  ;...
   9.0739e-03  1.7121e-01  9.4542e-01  -3.5098e+00  -1.4359e-01  2.7878e-03  1.4629e-01  ;...
   9.1958e-03  1.7121e-01  9.4542e-01  -3.5098e+00  -1.4359e-01  2.8252e-03  1.4629e-01  ;...
   9.3193e-03  1.7121e-01  9.4542e-01  -3.5098e+00  -1.4359e-01  2.8631e-03  1.4629e-01  ;...
   9.4443e-03  1.7121e-01  9.4542e-01  -3.5098e+00  -1.4359e-01  2.9015e-03  1.4629e-01  ;...
   9.5709e-03  1.7121e-01  9.4542e-01  -3.5098e+00  -1.4359e-01  2.9404e-03  1.4629e-01  ;...
   9.6990e-03  1.7121e-01  9.4542e-01  -3.5098e+00  -1.4359e-01  2.9798e-03  1.4629e-01  ;...
   9.8288e-03  1.7121e-01  9.4542e-01  -3.5098e+00  -1.4359e-01  3.0197e-03  1.4629e-01  ;...
   9.9603e-03  1.7121e-01  9.4542e-01  -3.5098e+00  -1.4359e-01  3.0601e-03  1.4629e-01  ;...
   1.0093e-02  1.7121e-01  9.4542e-01  -3.5098e+00  -1.4359e-01  3.1009e-03  1.4629e-01  ;...
   1.0228e-02  1.7121e-01  9.4542e-01  -3.5098e+00  -1.4359e-01  3.1423e-03  1.4629e-01  ;...
   1.0365e-02  1.7121e-01  9.4542e-01  -3.5098e+00  -1.4359e-01  3.1842e-03  1.4629e-01  ;...
   1.0503e-02  1.7121e-01  9.4542e-01  -3.5098e+00  -1.4359e-01  3.2267e-03  1.4629e-01  ;...
   1.0643e-02  1.7121e-01  9.4542e-01  -3.5098e+00  -1.4359e-01  3.2697e-03  1.4629e-01  ;...
   1.0784e-02  1.7121e-01  9.4542e-01  -3.5098e+00  -1.4359e-01  3.3132e-03  1.4629e-01  ;...
   1.0928e-02  1.7121e-01  9.4542e-01  -3.5098e+00  -1.4359e-01  3.3572e-03  1.4629e-01  ;...
   1.1073e-02  1.7121e-01  9.4542e-01  -3.5098e+00  -1.4359e-01  3.4019e-03  1.4629e-01  ;...
   1.1220e-02  1.7121e-01  9.4542e-01  -3.5098e+00  -1.4359e-01  3.4470e-03  1.4629e-01  ;...
   1.1369e-02  1.7121e-01  9.4542e-01  -3.5098e+00  -1.4359e-01  3.4928e-03  1.4629e-01  ;...
   1.1520e-02  1.7121e-01  9.4541e-01  -3.5098e+00  -1.4359e-01  3.5391e-03  1.4629e-01  ;...
   1.1672e-02  1.7121e-01  9.4541e-01  -3.5098e+00  -1.4359e-01  3.5860e-03  1.4629e-01  ;...
   1.1827e-02  1.7121e-01  9.4541e-01  -3.5098e+00  -1.4359e-01  3.6335e-03  1.4629e-01  ;...
   1.1984e-02  1.7121e-01  9.4541e-01  -3.5098e+00  -1.4359e-01  3.6816e-03  1.4629e-01  ;...
   1.2142e-02  1.7121e-01  9.4541e-01  -3.5098e+00  -1.4359e-01  3.7303e-03  1.4629e-01  ;...
   1.2303e-02  1.7121e-01  9.4541e-01  -3.5098e+00  -1.4359e-01  3.7796e-03  1.4629e-01  ;...
   1.2465e-02  1.7121e-01  9.4541e-01  -3.5098e+00  -1.4359e-01  3.8295e-03  1.4629e-01  ;...
   1.2630e-02  1.7121e-01  9.4541e-01  -3.5098e+00  -1.4358e-01  3.8801e-03  1.4629e-01  ;...
   1.2796e-02  1.7121e-01  9.4541e-01  -3.5098e+00  -1.4358e-01  3.9313e-03  1.4629e-01  ;...
   1.2965e-02  1.7121e-01  9.4541e-01  -3.5098e+00  -1.4358e-01  3.9831e-03  1.4629e-01  ;...
   1.3136e-02  1.7122e-01  9.4541e-01  -3.5098e+00  -1.4358e-01  4.0356e-03  1.4629e-01  ;...
   1.3309e-02  1.7122e-01  9.4541e-01  -3.5098e+00  -1.4358e-01  4.0887e-03  1.4629e-01  ;...
   1.3484e-02  1.7122e-01  9.4541e-01  -3.5098e+00  -1.4358e-01  4.1426e-03  1.4629e-01  ;...
   1.3662e-02  1.7122e-01  9.4541e-01  -3.5098e+00  -1.4358e-01  4.1970e-03  1.4629e-01  ;...
   1.3841e-02  1.7122e-01  9.4541e-01  -3.5098e+00  -1.4358e-01  4.2522e-03  1.4629e-01  ;...
   1.4023e-02  1.7122e-01  9.4541e-01  -3.5098e+00  -1.4358e-01  4.3081e-03  1.4629e-01  ;...
   1.4207e-02  1.7122e-01  9.4541e-01  -3.5098e+00  -1.4358e-01  4.3647e-03  1.4629e-01  ;...
   1.4394e-02  1.7122e-01  9.4541e-01  -3.5098e+00  -1.4358e-01  4.4219e-03  1.4629e-01  ;...
   1.4583e-02  1.7122e-01  9.4541e-01  -3.5098e+00  -1.4358e-01  4.4799e-03  1.4630e-01  ;...
   1.4774e-02  1.7122e-01  9.4541e-01  -3.5098e+00  -1.4358e-01  4.5387e-03  1.4630e-01  ;...
   1.4968e-02  1.7122e-01  9.4541e-01  -3.5098e+00  -1.4358e-01  4.5981e-03  1.4630e-01  ;...
   1.5164e-02  1.7122e-01  9.4541e-01  -3.5098e+00  -1.4358e-01  4.6584e-03  1.4630e-01  ;...
   1.5362e-02  1.7122e-01  9.4541e-01  -3.5098e+00  -1.4358e-01  4.7193e-03  1.4630e-01  ;...
   1.5563e-02  1.7122e-01  9.4541e-01  -3.5098e+00  -1.4358e-01  4.7811e-03  1.4630e-01  ;...
   1.5767e-02  1.7122e-01  9.4541e-01  -3.5098e+00  -1.4358e-01  4.8436e-03  1.4630e-01  ;...
   1.5973e-02  1.7122e-01  9.4541e-01  -3.5098e+00  -1.4358e-01  4.9069e-03  1.4630e-01  ;...
   1.6182e-02  1.7122e-01  9.4541e-01  -3.5098e+00  -1.4358e-01  4.9710e-03  1.4630e-01  ;...
   1.6393e-02  1.7122e-01  9.4541e-01  -3.5098e+00  -1.4358e-01  5.0359e-03  1.4630e-01  ;...
   1.6607e-02  1.7122e-01  9.4541e-01  -3.5098e+00  -1.4358e-01  5.1016e-03  1.4630e-01  ;...
   1.6824e-02  1.7122e-01  9.4541e-01  -3.5098e+00  -1.4358e-01  5.1682e-03  1.4630e-01  ;...
   1.7043e-02  1.7122e-01  9.4541e-01  -3.5098e+00  -1.4358e-01  5.2355e-03  1.4630e-01  ;...
   1.7265e-02  1.7123e-01  9.4541e-01  -3.5098e+00  -1.4358e-01  5.3038e-03  1.4630e-01  ;...
   1.7490e-02  1.7123e-01  9.4541e-01  -3.5098e+00  -1.4357e-01  5.3729e-03  1.4630e-01  ;...
   1.7718e-02  1.7123e-01  9.4541e-01  -3.5098e+00  -1.4357e-01  5.4428e-03  1.4630e-01  ;...
   1.7949e-02  1.7123e-01  9.4541e-01  -3.5098e+00  -1.4357e-01  5.5136e-03  1.4630e-01  ;...
   1.8182e-02  1.7123e-01  9.4541e-01  -3.5098e+00  -1.4357e-01  5.5854e-03  1.4630e-01  ;...
   1.8419e-02  1.7123e-01  9.4541e-01  -3.5098e+00  -1.4357e-01  5.6580e-03  1.4630e-01  ;...
   1.8658e-02  1.7123e-01  9.4541e-01  -3.5098e+00  -1.4357e-01  5.7315e-03  1.4630e-01  ;...
   1.8901e-02  1.7123e-01  9.4541e-01  -3.5098e+00  -1.4357e-01  5.8060e-03  1.4630e-01  ;...
   1.9146e-02  1.7123e-01  9.4541e-01  -3.5098e+00  -1.4357e-01  5.8814e-03  1.4630e-01  ;...
   1.9395e-02  1.7123e-01  9.4541e-01  -3.5098e+00  -1.4357e-01  5.9577e-03  1.4630e-01  ;...
   1.9647e-02  1.7123e-01  9.4541e-01  -3.5098e+00  -1.4357e-01  6.0350e-03  1.4630e-01  ;...
   1.9902e-02  1.7123e-01  9.4541e-01  -3.5098e+00  -1.4357e-01  6.1133e-03  1.4630e-01  ;...
   2.0160e-02  1.7123e-01  9.4541e-01  -3.5098e+00  -1.4357e-01  6.1925e-03  1.4630e-01  ;...
   2.0421e-02  1.7124e-01  9.4541e-01  -3.5098e+00  -1.4357e-01  6.2728e-03  1.4630e-01  ;...
   2.0686e-02  1.7124e-01  9.4541e-01  -3.5098e+00  -1.4357e-01  6.3540e-03  1.4630e-01  ;...
   2.0954e-02  1.7124e-01  9.4541e-01  -3.5098e+00  -1.4357e-01  6.4363e-03  1.4630e-01  ;...
   2.1225e-02  1.7124e-01  9.4541e-01  -3.5098e+00  -1.4356e-01  6.5196e-03  1.4630e-01  ;...
   2.1500e-02  1.7124e-01  9.4541e-01  -3.5098e+00  -1.4356e-01  6.6040e-03  1.4630e-01  ;...
   2.1778e-02  1.7124e-01  9.4541e-01  -3.5098e+00  -1.4356e-01  6.6894e-03  1.4630e-01  ;...
   2.2060e-02  1.7124e-01  9.4540e-01  -3.5098e+00  -1.4356e-01  6.7759e-03  1.4630e-01  ;...
   2.2345e-02  1.7124e-01  9.4540e-01  -3.5098e+00  -1.4356e-01  6.8635e-03  1.4631e-01  ;...
   2.2634e-02  1.7124e-01  9.4540e-01  -3.5098e+00  -1.4356e-01  6.9522e-03  1.4631e-01  ;...
   2.2926e-02  1.7124e-01  9.4540e-01  -3.5098e+00  -1.4356e-01  7.0419e-03  1.4631e-01  ;...
   2.3223e-02  1.7125e-01  9.4540e-01  -3.5098e+00  -1.4356e-01  7.1329e-03  1.4631e-01  ;...
   2.3523e-02  1.7125e-01  9.4540e-01  -3.5098e+00  -1.4356e-01  7.2249e-03  1.4631e-01  ;...
   2.3826e-02  1.7125e-01  9.4540e-01  -3.5098e+00  -1.4356e-01  7.3181e-03  1.4631e-01  ;...
   2.4134e-02  1.7125e-01  9.4540e-01  -3.5098e+00  -1.4356e-01  7.4125e-03  1.4631e-01  ;...
   2.4445e-02  1.7125e-01  9.4540e-01  -3.5098e+00  -1.4355e-01  7.5081e-03  1.4631e-01  ;...
   2.4760e-02  1.7125e-01  9.4540e-01  -3.5098e+00  -1.4355e-01  7.6049e-03  1.4631e-01  ;...
   2.5080e-02  1.7125e-01  9.4540e-01  -3.5098e+00  -1.4355e-01  7.7028e-03  1.4631e-01  ;...
   2.5403e-02  1.7125e-01  9.4540e-01  -3.5098e+00  -1.4355e-01  7.8021e-03  1.4631e-01  ;...
   2.5730e-02  1.7126e-01  9.4540e-01  -3.5098e+00  -1.4355e-01  7.9025e-03  1.4631e-01  ;...
   2.6062e-02  1.7126e-01  9.4540e-01  -3.5098e+00  -1.4355e-01  8.0042e-03  1.4631e-01  ;...
   2.6397e-02  1.7126e-01  9.4540e-01  -3.5098e+00  -1.4355e-01  8.1072e-03  1.4631e-01  ;...
   2.6737e-02  1.7126e-01  9.4540e-01  -3.5097e+00  -1.4355e-01  8.2115e-03  1.4631e-01  ;...
   2.7081e-02  1.7126e-01  9.4540e-01  -3.5097e+00  -1.4355e-01  8.3171e-03  1.4631e-01  ;...
   2.7430e-02  1.7126e-01  9.4540e-01  -3.5097e+00  -1.4354e-01  8.4240e-03  1.4631e-01  ;...
   2.7782e-02  1.7126e-01  9.4540e-01  -3.5097e+00  -1.4354e-01  8.5323e-03  1.4631e-01  ;...
   2.8140e-02  1.7127e-01  9.4540e-01  -3.5097e+00  -1.4354e-01  8.6419e-03  1.4632e-01  ;...
   2.8501e-02  1.7127e-01  9.4540e-01  -3.5097e+00  -1.4354e-01  8.7529e-03  1.4632e-01  ;...
   2.8868e-02  1.7127e-01  9.4539e-01  -3.5097e+00  -1.4354e-01  8.8653e-03  1.4632e-01  ;...
   2.9239e-02  1.7127e-01  9.4539e-01  -3.5097e+00  -1.4354e-01  8.9791e-03  1.4632e-01  ;...
   2.9614e-02  1.7127e-01  9.4539e-01  -3.5097e+00  -1.4354e-01  9.0943e-03  1.4632e-01  ;...
   2.9994e-02  1.7128e-01  9.4539e-01  -3.5097e+00  -1.4353e-01  9.2110e-03  1.4632e-01  ;...
   3.0379e-02  1.7128e-01  9.4539e-01  -3.5097e+00  -1.4353e-01  9.3291e-03  1.4632e-01  ;...
   3.0769e-02  1.7128e-01  9.4539e-01  -3.5097e+00  -1.4353e-01  9.4487e-03  1.4632e-01  ;...
   3.1164e-02  1.7128e-01  9.4539e-01  -3.5097e+00  -1.4353e-01  9.5699e-03  1.4632e-01  ;...
   3.1564e-02  1.7128e-01  9.4539e-01  -3.5097e+00  -1.4353e-01  9.6925e-03  1.4632e-01  ;...
   3.1969e-02  1.7129e-01  9.4539e-01  -3.5097e+00  -1.4353e-01  9.8167e-03  1.4632e-01  ;...
   3.2379e-02  1.7129e-01  9.4539e-01  -3.5097e+00  -1.4352e-01  9.9424e-03  1.4632e-01  ;...
   3.2794e-02  1.7129e-01  9.4539e-01  -3.5097e+00  -1.4352e-01  1.0070e-02  1.4633e-01  ;...
   3.3214e-02  1.7129e-01  9.4539e-01  -3.5097e+00  -1.4352e-01  1.0199e-02  1.4633e-01  ;...
   3.3640e-02  1.7129e-01  9.4539e-01  -3.5097e+00  -1.4352e-01  1.0329e-02  1.4633e-01  ;...
   3.4071e-02  1.7130e-01  9.4539e-01  -3.5097e+00  -1.4352e-01  1.0461e-02  1.4633e-01  ;...
   3.4507e-02  1.7130e-01  9.4538e-01  -3.5097e+00  -1.4351e-01  1.0595e-02  1.4633e-01  ;...
   3.4949e-02  1.7130e-01  9.4538e-01  -3.5097e+00  -1.4351e-01  1.0731e-02  1.4633e-01  ;...
   3.5396e-02  1.7130e-01  9.4538e-01  -3.5097e+00  -1.4351e-01  1.0868e-02  1.4633e-01  ;...
   3.5849e-02  1.7131e-01  9.4538e-01  -3.5097e+00  -1.4351e-01  1.1007e-02  1.4633e-01  ;...
   3.6308e-02  1.7131e-01  9.4538e-01  -3.5097e+00  -1.4351e-01  1.1147e-02  1.4633e-01  ;...
   3.6772e-02  1.7131e-01  9.4538e-01  -3.5097e+00  -1.4350e-01  1.1290e-02  1.4634e-01  ;...
   3.7243e-02  1.7132e-01  9.4538e-01  -3.5097e+00  -1.4350e-01  1.1434e-02  1.4634e-01  ;...
   3.7719e-02  1.7132e-01  9.4538e-01  -3.5097e+00  -1.4350e-01  1.1580e-02  1.4634e-01  ;...
   3.8201e-02  1.7132e-01  9.4538e-01  -3.5097e+00  -1.4350e-01  1.1728e-02  1.4634e-01  ;...
   3.8690e-02  1.7132e-01  9.4538e-01  -3.5097e+00  -1.4349e-01  1.1877e-02  1.4634e-01  ;...
   3.9184e-02  1.7133e-01  9.4537e-01  -3.5097e+00  -1.4349e-01  1.2029e-02  1.4634e-01  ;...
   3.9685e-02  1.7133e-01  9.4537e-01  -3.5097e+00  -1.4349e-01  1.2182e-02  1.4634e-01  ;...
   4.0192e-02  1.7133e-01  9.4537e-01  -3.5097e+00  -1.4349e-01  1.2338e-02  1.4634e-01  ;...
   4.0705e-02  1.7134e-01  9.4537e-01  -3.5097e+00  -1.4348e-01  1.2495e-02  1.4635e-01  ;...
   4.1225e-02  1.7134e-01  9.4537e-01  -3.5097e+00  -1.4348e-01  1.2654e-02  1.4635e-01  ;...
   4.1751e-02  1.7135e-01  9.4537e-01  -3.5097e+00  -1.4348e-01  1.2815e-02  1.4635e-01  ;...
   4.2284e-02  1.7135e-01  9.4537e-01  -3.5097e+00  -1.4347e-01  1.2979e-02  1.4635e-01  ;...
   4.2824e-02  1.7135e-01  9.4537e-01  -3.5097e+00  -1.4347e-01  1.3144e-02  1.4635e-01  ;...
   4.3370e-02  1.7136e-01  9.4537e-01  -3.5097e+00  -1.4347e-01  1.3311e-02  1.4635e-01  ;...
   4.3924e-02  1.7136e-01  9.4536e-01  -3.5097e+00  -1.4346e-01  1.3481e-02  1.4636e-01  ;...
   4.4484e-02  1.7136e-01  9.4536e-01  -3.5097e+00  -1.4346e-01  1.3652e-02  1.4636e-01  ;...
   4.5051e-02  1.7137e-01  9.4536e-01  -3.5097e+00  -1.4346e-01  1.3826e-02  1.4636e-01  ;...
   4.5626e-02  1.7137e-01  9.4536e-01  -3.5096e+00  -1.4345e-01  1.4002e-02  1.4636e-01  ;...
   4.6207e-02  1.7138e-01  9.4536e-01  -3.5096e+00  -1.4345e-01  1.4180e-02  1.4636e-01  ;...
   4.6796e-02  1.7138e-01  9.4536e-01  -3.5096e+00  -1.4345e-01  1.4360e-02  1.4637e-01  ;...
   4.7393e-02  1.7139e-01  9.4535e-01  -3.5096e+00  -1.4344e-01  1.4543e-02  1.4637e-01  ;...
   4.7997e-02  1.7139e-01  9.4535e-01  -3.5096e+00  -1.4344e-01  1.4728e-02  1.4637e-01  ;...
   4.8608e-02  1.7140e-01  9.4535e-01  -3.5096e+00  -1.4344e-01  1.4915e-02  1.4637e-01  ;...
   4.9227e-02  1.7140e-01  9.4535e-01  -3.5096e+00  -1.4343e-01  1.5105e-02  1.4637e-01  ;...
   4.9854e-02  1.7141e-01  9.4535e-01  -3.5096e+00  -1.4343e-01  1.5296e-02  1.4638e-01  ;...
   5.0489e-02  1.7141e-01  9.4535e-01  -3.5096e+00  -1.4342e-01  1.5491e-02  1.4638e-01  ;...
   5.1132e-02  1.7142e-01  9.4534e-01  -3.5096e+00  -1.4342e-01  1.5687e-02  1.4638e-01  ;...
   5.1783e-02  1.7142e-01  9.4534e-01  -3.5096e+00  -1.4342e-01  1.5886e-02  1.4638e-01  ;...
   5.2442e-02  1.7143e-01  9.4534e-01  -3.5096e+00  -1.4341e-01  1.6088e-02  1.4638e-01  ;...
   5.3110e-02  1.7143e-01  9.4534e-01  -3.5096e+00  -1.4341e-01  1.6292e-02  1.4639e-01  ;...
   5.3786e-02  1.7144e-01  9.4534e-01  -3.5096e+00  -1.4340e-01  1.6499e-02  1.4639e-01  ;...
   5.4470e-02  1.7145e-01  9.4533e-01  -3.5096e+00  -1.4340e-01  1.6708e-02  1.4639e-01  ;...
   5.5163e-02  1.7145e-01  9.4533e-01  -3.5096e+00  -1.4339e-01  1.6920e-02  1.4640e-01  ;...
   5.5865e-02  1.7146e-01  9.4533e-01  -3.5096e+00  -1.4339e-01  1.7134e-02  1.4640e-01  ;...
   5.6575e-02  1.7147e-01  9.4533e-01  -3.5096e+00  -1.4338e-01  1.7352e-02  1.4640e-01  ;...
   5.7294e-02  1.7147e-01  9.4533e-01  -3.5096e+00  -1.4338e-01  1.7571e-02  1.4640e-01  ;...
   5.8023e-02  1.7148e-01  9.4532e-01  -3.5095e+00  -1.4337e-01  1.7794e-02  1.4641e-01  ;...
   5.8761e-02  1.7149e-01  9.4532e-01  -3.5095e+00  -1.4337e-01  1.8019e-02  1.4641e-01  ;...
   5.9507e-02  1.7149e-01  9.4532e-01  -3.5095e+00  -1.4336e-01  1.8247e-02  1.4641e-01  ;...
   6.0264e-02  1.7150e-01  9.4532e-01  -3.5095e+00  -1.4336e-01  1.8478e-02  1.4642e-01  ;...
   6.1030e-02  1.7151e-01  9.4531e-01  -3.5095e+00  -1.4335e-01  1.8712e-02  1.4642e-01  ;...
   6.1805e-02  1.7152e-01  9.4531e-01  -3.5095e+00  -1.4334e-01  1.8949e-02  1.4642e-01  ;...
   6.2590e-02  1.7153e-01  9.4531e-01  -3.5095e+00  -1.4334e-01  1.9189e-02  1.4643e-01  ;...
   6.3385e-02  1.7153e-01  9.4530e-01  -3.5095e+00  -1.4333e-01  1.9431e-02  1.4643e-01  ;...
   6.4190e-02  1.7154e-01  9.4530e-01  -3.5095e+00  -1.4333e-01  1.9677e-02  1.4643e-01  ;...
   6.5006e-02  1.7155e-01  9.4530e-01  -3.5095e+00  -1.4332e-01  1.9926e-02  1.4644e-01  ;...
   6.5831e-02  1.7156e-01  9.4529e-01  -3.5095e+00  -1.4331e-01  2.0178e-02  1.4644e-01  ;...
   6.6667e-02  1.7157e-01  9.4529e-01  -3.5095e+00  -1.4331e-01  2.0433e-02  1.4645e-01  ;...
   6.7513e-02  1.7158e-01  9.4529e-01  -3.5094e+00  -1.4330e-01  2.0691e-02  1.4645e-01  ;...
   6.8370e-02  1.7159e-01  9.4529e-01  -3.5094e+00  -1.4329e-01  2.0952e-02  1.4645e-01  ;...
   6.9238e-02  1.7160e-01  9.4528e-01  -3.5094e+00  -1.4328e-01  2.1217e-02  1.4646e-01  ;...
   7.0117e-02  1.7161e-01  9.4528e-01  -3.5094e+00  -1.4328e-01  2.1484e-02  1.4646e-01  ;...
   7.1007e-02  1.7162e-01  9.4527e-01  -3.5094e+00  -1.4327e-01  2.1755e-02  1.4647e-01  ;...
   7.1907e-02  1.7163e-01  9.4527e-01  -3.5094e+00  -1.4326e-01  2.2030e-02  1.4647e-01  ;...
   7.2820e-02  1.7164e-01  9.4527e-01  -3.5094e+00  -1.4325e-01  2.2308e-02  1.4648e-01  ;...
   7.3743e-02  1.7165e-01  9.4526e-01  -3.5094e+00  -1.4325e-01  2.2589e-02  1.4648e-01  ;...
   7.4679e-02  1.7166e-01  9.4526e-01  -3.5094e+00  -1.4324e-01  2.2874e-02  1.4649e-01  ;...
   7.5626e-02  1.7168e-01  9.4526e-01  -3.5093e+00  -1.4323e-01  2.3162e-02  1.4649e-01  ;...
   7.6585e-02  1.7169e-01  9.4525e-01  -3.5093e+00  -1.4322e-01  2.3454e-02  1.4650e-01  ;...
   7.7556e-02  1.7170e-01  9.4525e-01  -3.5093e+00  -1.4321e-01  2.3749e-02  1.4650e-01  ;...
   7.8540e-02  1.7171e-01  9.4524e-01  -3.5093e+00  -1.4320e-01  2.4048e-02  1.4651e-01  ;...
   7.9535e-02  1.7173e-01  9.4524e-01  -3.5093e+00  -1.4320e-01  2.4351e-02  1.4651e-01  ;...
   8.0543e-02  1.7174e-01  9.4523e-01  -3.5093e+00  -1.4319e-01  2.4658e-02  1.4652e-01  ;...
   8.1564e-02  1.7175e-01  9.4523e-01  -3.5093e+00  -1.4318e-01  2.4968e-02  1.4652e-01  ;...
   8.2598e-02  1.7177e-01  9.4522e-01  -3.5092e+00  -1.4317e-01  2.5282e-02  1.4653e-01  ;...
   8.3645e-02  1.7178e-01  9.4522e-01  -3.5092e+00  -1.4316e-01  2.5600e-02  1.4654e-01  ;...
   8.4705e-02  1.7180e-01  9.4521e-01  -3.5092e+00  -1.4315e-01  2.5922e-02  1.4654e-01  ;...
   8.5778e-02  1.7181e-01  9.4521e-01  -3.5092e+00  -1.4314e-01  2.6247e-02  1.4655e-01  ;...
   8.6865e-02  1.7183e-01  9.4520e-01  -3.5092e+00  -1.4313e-01  2.6577e-02  1.4655e-01  ;...
   8.7965e-02  1.7184e-01  9.4520e-01  -3.5091e+00  -1.4312e-01  2.6911e-02  1.4656e-01  ;...
   8.9079e-02  1.7186e-01  9.4519e-01  -3.5091e+00  -1.4311e-01  2.7249e-02  1.4657e-01  ;...
   9.0208e-02  1.7188e-01  9.4519e-01  -3.5091e+00  -1.4310e-01  2.7591e-02  1.4658e-01  ;...
   9.1350e-02  1.7189e-01  9.4518e-01  -3.5091e+00  -1.4308e-01  2.7937e-02  1.4658e-01  ;...
   9.2507e-02  1.7191e-01  9.4517e-01  -3.5091e+00  -1.4307e-01  2.8288e-02  1.4659e-01  ;...
   9.3678e-02  1.7193e-01  9.4517e-01  -3.5090e+00  -1.4306e-01  2.8642e-02  1.4660e-01  ;...
   9.4865e-02  1.7195e-01  9.4516e-01  -3.5090e+00  -1.4305e-01  2.9002e-02  1.4661e-01  ;...
   9.6066e-02  1.7197e-01  9.4516e-01  -3.5090e+00  -1.4304e-01  2.9365e-02  1.4661e-01  ;...
   9.7282e-02  1.7199e-01  9.4515e-01  -3.5090e+00  -1.4303e-01  2.9733e-02  1.4662e-01  ;...
   9.8513e-02  1.7201e-01  9.4514e-01  -3.5089e+00  -1.4301e-01  3.0105e-02  1.4663e-01  ;...
   9.9760e-02  1.7203e-01  9.4513e-01  -3.5089e+00  -1.4300e-01  3.0482e-02  1.4664e-01  ;...
   1.0102e-01  1.7205e-01  9.4513e-01  -3.5089e+00  -1.4299e-01  3.0864e-02  1.4665e-01  ;...
   1.0230e-01  1.7207e-01  9.4512e-01  -3.5089e+00  -1.4298e-01  3.1250e-02  1.4666e-01  ;...
   1.0360e-01  1.7209e-01  9.4511e-01  -3.5088e+00  -1.4296e-01  3.1640e-02  1.4667e-01  ;...
   1.0491e-01  1.7211e-01  9.4510e-01  -3.5088e+00  -1.4295e-01  3.2036e-02  1.4668e-01  ;...
   1.0623e-01  1.7214e-01  9.4510e-01  -3.5088e+00  -1.4294e-01  3.2436e-02  1.4669e-01  ;...
   1.0758e-01  1.7216e-01  9.4509e-01  -3.5087e+00  -1.4292e-01  3.2841e-02  1.4670e-01  ;...
   1.0894e-01  1.7219e-01  9.4508e-01  -3.5087e+00  -1.4291e-01  3.3251e-02  1.4671e-01  ;...
   1.1032e-01  1.7221e-01  9.4507e-01  -3.5087e+00  -1.4290e-01  3.3666e-02  1.4672e-01  ;...
   1.1171e-01  1.7224e-01  9.4506e-01  -3.5086e+00  -1.4288e-01  3.4086e-02  1.4673e-01  ;...
   1.1313e-01  1.7226e-01  9.4505e-01  -3.5086e+00  -1.4287e-01  3.4511e-02  1.4674e-01  ;...
   1.1456e-01  1.7229e-01  9.4504e-01  -3.5086e+00  -1.4286e-01  3.4942e-02  1.4675e-01  ;...
   1.1600e-01  1.7232e-01  9.4503e-01  -3.5085e+00  -1.4284e-01  3.5377e-02  1.4676e-01  ;...
   1.1747e-01  1.7235e-01  9.4502e-01  -3.5085e+00  -1.4283e-01  3.5817e-02  1.4678e-01  ;...
   1.1896e-01  1.7238e-01  9.4501e-01  -3.5084e+00  -1.4281e-01  3.6263e-02  1.4679e-01  ;...
   1.2046e-01  1.7241e-01  9.4500e-01  -3.5084e+00  -1.4280e-01  3.6714e-02  1.4680e-01  ;...
   1.2198e-01  1.7244e-01  9.4499e-01  -3.5083e+00  -1.4278e-01  3.7171e-02  1.4682e-01  ;...
   1.2353e-01  1.7247e-01  9.4498e-01  -3.5083e+00  -1.4277e-01  3.7633e-02  1.4683e-01  ;...
   1.2509e-01  1.7250e-01  9.4497e-01  -3.5082e+00  -1.4275e-01  3.8101e-02  1.4684e-01  ;...
   1.2667e-01  1.7253e-01  9.4496e-01  -3.5082e+00  -1.4274e-01  3.8574e-02  1.4686e-01  ;...
   1.2827e-01  1.7257e-01  9.4495e-01  -3.5081e+00  -1.4272e-01  3.9052e-02  1.4687e-01  ;...
   1.2989e-01  1.7260e-01  9.4494e-01  -3.5081e+00  -1.4271e-01  3.9537e-02  1.4689e-01  ;...
   1.3153e-01  1.7264e-01  9.4492e-01  -3.5080e+00  -1.4269e-01  4.0027e-02  1.4690e-01  ;...
   1.3320e-01  1.7268e-01  9.4491e-01  -3.5080e+00  -1.4268e-01  4.0523e-02  1.4692e-01  ;...
   1.3488e-01  1.7271e-01  9.4490e-01  -3.5079e+00  -1.4266e-01  4.1025e-02  1.4693e-01  ;...
   1.3658e-01  1.7275e-01  9.4488e-01  -3.5078e+00  -1.4265e-01  4.1532e-02  1.4695e-01  ;...
   1.3831e-01  1.7279e-01  9.4487e-01  -3.5078e+00  -1.4263e-01  4.2046e-02  1.4697e-01  ;...
   1.4006e-01  1.7283e-01  9.4486e-01  -3.5077e+00  -1.4262e-01  4.2566e-02  1.4698e-01  ;...
   1.4183e-01  1.7287e-01  9.4484e-01  -3.5076e+00  -1.4260e-01  4.3092e-02  1.4700e-01  ;...
   1.4362e-01  1.7292e-01  9.4483e-01  -3.5076e+00  -1.4259e-01  4.3624e-02  1.4702e-01  ;...
   1.4543e-01  1.7296e-01  9.4481e-01  -3.5075e+00  -1.4257e-01  4.4162e-02  1.4704e-01  ;...
   1.4727e-01  1.7301e-01  9.4480e-01  -3.5074e+00  -1.4256e-01  4.4706e-02  1.4706e-01  ;...
   1.4913e-01  1.7305e-01  9.4478e-01  -3.5073e+00  -1.4255e-01  4.5257e-02  1.4708e-01  ;...
   1.5101e-01  1.7310e-01  9.4477e-01  -3.5072e+00  -1.4253e-01  4.5815e-02  1.4710e-01  ;...
   1.5292e-01  1.7315e-01  9.4475e-01  -3.5071e+00  -1.4252e-01  4.6378e-02  1.4712e-01  ;...
   1.5485e-01  1.7320e-01  9.4473e-01  -3.5070e+00  -1.4251e-01  4.6948e-02  1.4714e-01  ;...
   1.5681e-01  1.7325e-01  9.4471e-01  -3.5069e+00  -1.4249e-01  4.7525e-02  1.4716e-01  ;...
   1.5879e-01  1.7330e-01  9.4470e-01  -3.5068e+00  -1.4248e-01  4.8109e-02  1.4718e-01  ;...
   1.6079e-01  1.7335e-01  9.4468e-01  -3.5067e+00  -1.4247e-01  4.8699e-02  1.4720e-01  ;...
   1.6282e-01  1.7341e-01  9.4466e-01  -3.5066e+00  -1.4246e-01  4.9296e-02  1.4723e-01  ;...
   1.6488e-01  1.7347e-01  9.4464e-01  -3.5065e+00  -1.4245e-01  4.9899e-02  1.4725e-01  ;...
   1.6696e-01  1.7352e-01  9.4462e-01  -3.5064e+00  -1.4244e-01  5.0510e-02  1.4728e-01  ;...
   1.6907e-01  1.7358e-01  9.4460e-01  -3.5063e+00  -1.4243e-01  5.1128e-02  1.4730e-01  ;...
   1.7120e-01  1.7364e-01  9.4458e-01  -3.5061e+00  -1.4242e-01  5.1752e-02  1.4733e-01  ;...
   1.7336e-01  1.7371e-01  9.4456e-01  -3.5060e+00  -1.4241e-01  5.2384e-02  1.4735e-01  ;...
   1.7555e-01  1.7377e-01  9.4454e-01  -3.5059e+00  -1.4241e-01  5.3023e-02  1.4738e-01  ;...
   1.7777e-01  1.7384e-01  9.4451e-01  -3.5057e+00  -1.4240e-01  5.3668e-02  1.4741e-01  ;...
   1.8001e-01  1.7390e-01  9.4449e-01  -3.5056e+00  -1.4240e-01  5.4322e-02  1.4744e-01  ;...
   1.8228e-01  1.7397e-01  9.4447e-01  -3.5054e+00  -1.4239e-01  5.4982e-02  1.4747e-01  ;...
   1.8458e-01  1.7404e-01  9.4444e-01  -3.5052e+00  -1.4239e-01  5.5650e-02  1.4750e-01  ;...
   1.8691e-01  1.7412e-01  9.4442e-01  -3.5051e+00  -1.4239e-01  5.6325e-02  1.4753e-01  ;...
   1.8927e-01  1.7419e-01  9.4439e-01  -3.5049e+00  -1.4239e-01  5.7008e-02  1.4756e-01  ;...
   1.9166e-01  1.7427e-01  9.4436e-01  -3.5047e+00  -1.4240e-01  5.7698e-02  1.4759e-01  ;...
   1.9408e-01  1.7435e-01  9.4434e-01  -3.5045e+00  -1.4240e-01  5.8396e-02  1.4762e-01  ;...
   1.9653e-01  1.7443e-01  9.4431e-01  -3.5043e+00  -1.4241e-01  5.9101e-02  1.4766e-01  ;...
   1.9901e-01  1.7451e-01  9.4428e-01  -3.5041e+00  -1.4241e-01  5.9814e-02  1.4769e-01  ;...
   2.0152e-01  1.7459e-01  9.4425e-01  -3.5039e+00  -1.4243e-01  6.0535e-02  1.4773e-01  ;...
   2.0406e-01  1.7468e-01  9.4422e-01  -3.5037e+00  -1.4244e-01  6.1264e-02  1.4777e-01  ;...
   2.0664e-01  1.7477e-01  9.4419e-01  -3.5034e+00  -1.4245e-01  6.2000e-02  1.4780e-01  ;...
   2.0924e-01  1.7486e-01  9.4416e-01  -3.5032e+00  -1.4247e-01  6.2744e-02  1.4784e-01  ;...
   2.1188e-01  1.7495e-01  9.4413e-01  -3.5029e+00  -1.4249e-01  6.3496e-02  1.4788e-01  ;...
   2.1456e-01  1.7505e-01  9.4410e-01  -3.5026e+00  -1.4252e-01  6.4257e-02  1.4792e-01  ;...
   2.1726e-01  1.7515e-01  9.4406e-01  -3.5024e+00  -1.4254e-01  6.5025e-02  1.4796e-01  ;...
   2.2000e-01  1.7525e-01  9.4403e-01  -3.5021e+00  -1.4257e-01  6.5801e-02  1.4801e-01  ;...
   2.2278e-01  1.7535e-01  9.4399e-01  -3.5018e+00  -1.4261e-01  6.6585e-02  1.4805e-01  ;...
   2.2559e-01  1.7546e-01  9.4396e-01  -3.5014e+00  -1.4265e-01  6.7378e-02  1.4810e-01  ;...
   2.2844e-01  1.7557e-01  9.4392e-01  -3.5011e+00  -1.4269e-01  6.8179e-02  1.4814e-01  ;...
   2.3132e-01  1.7568e-01  9.4388e-01  -3.5008e+00  -1.4273e-01  6.8988e-02  1.4819e-01  ;...
   2.3423e-01  1.7579e-01  9.4384e-01  -3.5004e+00  -1.4279e-01  6.9805e-02  1.4824e-01  ;...
   2.3719e-01  1.7591e-01  9.4380e-01  -3.5000e+00  -1.4284e-01  7.0630e-02  1.4829e-01  ;...
   2.4018e-01  1.7603e-01  9.4376e-01  -3.4996e+00  -1.4290e-01  7.1464e-02  1.4834e-01  ;...
   2.4321e-01  1.7616e-01  9.4372e-01  -3.4992e+00  -1.4297e-01  7.2306e-02  1.4839e-01  ;...
   2.4627e-01  1.7628e-01  9.4367e-01  -3.4988e+00  -1.4304e-01  7.3157e-02  1.4844e-01  ;...
   2.4938e-01  1.7641e-01  9.4363e-01  -3.4983e+00  -1.4312e-01  7.4015e-02  1.4850e-01  ;...
   2.5252e-01  1.7655e-01  9.4358e-01  -3.4979e+00  -1.4321e-01  7.4883e-02  1.4855e-01  ;...
   2.5571e-01  1.7669e-01  9.4354e-01  -3.4974e+00  -1.4330e-01  7.5758e-02  1.4861e-01  ;...
   2.5893e-01  1.7683e-01  9.4349e-01  -3.4969e+00  -1.4340e-01  7.6643e-02  1.4867e-01  ;...
   2.6220e-01  1.7697e-01  9.4344e-01  -3.4963e+00  -1.4351e-01  7.7535e-02  1.4873e-01  ;...
   2.6550e-01  1.7712e-01  9.4339e-01  -3.4958e+00  -1.4363e-01  7.8436e-02  1.4879e-01  ;...
   2.6885e-01  1.7727e-01  9.4333e-01  -3.4952e+00  -1.4375e-01  7.9346e-02  1.4886e-01  ;...
   2.7224e-01  1.7743e-01  9.4328e-01  -3.4946e+00  -1.4389e-01  8.0264e-02  1.4892e-01  ;...
   2.7567e-01  1.7759e-01  9.4323e-01  -3.4939e+00  -1.4403e-01  8.1190e-02  1.4899e-01  ;...
   2.7915e-01  1.7775e-01  9.4317e-01  -3.4933e+00  -1.4419e-01  8.2125e-02  1.4906e-01  ;...
   2.8267e-01  1.7792e-01  9.4311e-01  -3.4926e+00  -1.4435e-01  8.3069e-02  1.4913e-01  ;...
   2.8623e-01  1.7809e-01  9.4305e-01  -3.4919e+00  -1.4453e-01  8.4020e-02  1.4920e-01  ;...
   2.8984e-01  1.7827e-01  9.4299e-01  -3.4911e+00  -1.4472e-01  8.4981e-02  1.4928e-01  ;...
   2.9349e-01  1.7845e-01  9.4293e-01  -3.4903e+00  -1.4493e-01  8.5949e-02  1.4935e-01  ;...
   2.9719e-01  1.7864e-01  9.4287e-01  -3.4895e+00  -1.4514e-01  8.6926e-02  1.4943e-01  ;...
   3.0094e-01  1.7883e-01  9.4280e-01  -3.4886e+00  -1.4538e-01  8.7911e-02  1.4951e-01  ;...
   3.0473e-01  1.7902e-01  9.4273e-01  -3.4877e+00  -1.4562e-01  8.8905e-02  1.4959e-01  ;...
   3.0857e-01  1.7923e-01  9.4266e-01  -3.4868e+00  -1.4589e-01  8.9907e-02  1.4968e-01  ;...
   3.1246e-01  1.7943e-01  9.4259e-01  -3.4858e+00  -1.4617e-01  9.0917e-02  1.4976e-01  ;...
   3.1640e-01  1.7964e-01  9.4252e-01  -3.4848e+00  -1.4647e-01  9.1935e-02  1.4985e-01  ;...
   3.2039e-01  1.7986e-01  9.4245e-01  -3.4837e+00  -1.4678e-01  9.2961e-02  1.4994e-01  ;...
   3.2442e-01  1.8009e-01  9.4237e-01  -3.4826e+00  -1.4712e-01  9.3995e-02  1.5004e-01  ;...
   3.2851e-01  1.8031e-01  9.4229e-01  -3.4814e+00  -1.4748e-01  9.5038e-02  1.5013e-01  ;...
   3.3265e-01  1.8055e-01  9.4221e-01  -3.4802e+00  -1.4786e-01  9.6088e-02  1.5023e-01  ;...
   3.3685e-01  1.8079e-01  9.4213e-01  -3.4789e+00  -1.4827e-01  9.7145e-02  1.5033e-01  ;...
   3.4109e-01  1.8104e-01  9.4204e-01  -3.4776e+00  -1.4870e-01  9.8211e-02  1.5043e-01  ;...
   3.4539e-01  1.8129e-01  9.4196e-01  -3.4762e+00  -1.4915e-01  9.9284e-02  1.5054e-01  ;...
   3.4974e-01  1.8155e-01  9.4187e-01  -3.4747e+00  -1.4963e-01  1.0036e-01  1.5065e-01  ;...
   3.5415e-01  1.8182e-01  9.4177e-01  -3.4732e+00  -1.5015e-01  1.0145e-01  1.5076e-01  ;...
   3.5861e-01  1.8209e-01  9.4168e-01  -3.4716e+00  -1.5069e-01  1.0255e-01  1.5087e-01  ;...
   3.6313e-01  1.8237e-01  9.4158e-01  -3.4699e+00  -1.5126e-01  1.0365e-01  1.5099e-01  ;...
   3.6770e-01  1.8266e-01  9.4148e-01  -3.4682e+00  -1.5187e-01  1.0476e-01  1.5111e-01  ;...
   3.7234e-01  1.8296e-01  9.4138e-01  -3.4664e+00  -1.5251e-01  1.0587e-01  1.5123e-01  ;...
   3.7703e-01  1.8326e-01  9.4128e-01  -3.4645e+00  -1.5319e-01  1.0700e-01  1.5135e-01  ;...
   3.8178e-01  1.8358e-01  9.4117e-01  -3.4625e+00  -1.5391e-01  1.0812e-01  1.5148e-01  ;...
   3.8659e-01  1.8390e-01  9.4106e-01  -3.4604e+00  -1.5467e-01  1.0926e-01  1.5161e-01  ;...
   3.9146e-01  1.8422e-01  9.4095e-01  -3.4583e+00  -1.5547e-01  1.1040e-01  1.5175e-01  ;...
   3.9639e-01  1.8456e-01  9.4083e-01  -3.4560e+00  -1.5632e-01  1.1155e-01  1.5189e-01  ;...
   4.0138e-01  1.8491e-01  9.4071e-01  -3.4536e+00  -1.5721e-01  1.1270e-01  1.5203e-01  ;...
   4.0644e-01  1.8526e-01  9.4059e-01  -3.4512e+00  -1.5815e-01  1.1386e-01  1.5218e-01  ;...
   4.1156e-01  1.8563e-01  9.4047e-01  -3.4486e+00  -1.5915e-01  1.1502e-01  1.5233e-01  ;...
   4.1675e-01  1.8600e-01  9.4034e-01  -3.4459e+00  -1.6020e-01  1.1619e-01  1.5248e-01  ;...
   4.2200e-01  1.8638e-01  9.4020e-01  -3.4431e+00  -1.6131e-01  1.1736e-01  1.5264e-01  ;...
   4.2731e-01  1.8678e-01  9.4007e-01  -3.4402e+00  -1.6248e-01  1.1853e-01  1.5280e-01  ;...
   4.3269e-01  1.8718e-01  9.3993e-01  -3.4371e+00  -1.6371e-01  1.1971e-01  1.5296e-01  ;...
   4.3814e-01  1.8759e-01  9.3979e-01  -3.4339e+00  -1.6501e-01  1.2090e-01  1.5313e-01  ;...
   4.4366e-01  1.8802e-01  9.3964e-01  -3.4305e+00  -1.6638e-01  1.2209e-01  1.5331e-01  ;...
   4.4925e-01  1.8846e-01  9.3949e-01  -3.4271e+00  -1.6782e-01  1.2328e-01  1.5348e-01  ;...
   4.5491e-01  1.8890e-01  9.3933e-01  -3.4234e+00  -1.6934e-01  1.2447e-01  1.5366e-01  ;...
   4.6064e-01  1.8936e-01  9.3917e-01  -3.4196e+00  -1.7094e-01  1.2566e-01  1.5385e-01  ;...
   4.6644e-01  1.8983e-01  9.3901e-01  -3.4156e+00  -1.7262e-01  1.2686e-01  1.5404e-01  ;...
   4.7232e-01  1.9032e-01  9.3884e-01  -3.4115e+00  -1.7439e-01  1.2806e-01  1.5424e-01  ;...
   4.7827e-01  1.9081e-01  9.3867e-01  -3.4072e+00  -1.7625e-01  1.2926e-01  1.5444e-01  ;...
   4.8429e-01  1.9132e-01  9.3849e-01  -3.4027e+00  -1.7821e-01  1.3046e-01  1.5465e-01  ;...
   4.9039e-01  1.9184e-01  9.3831e-01  -3.3980e+00  -1.8026e-01  1.3166e-01  1.5486e-01  ;...
   4.9656e-01  1.9238e-01  9.3813e-01  -3.3931e+00  -1.8243e-01  1.3286e-01  1.5507e-01  ;...
   5.0282e-01  1.9293e-01  9.3793e-01  -3.3879e+00  -1.8470e-01  1.3406e-01  1.5529e-01  ;...
   5.0915e-01  1.9349e-01  9.3774e-01  -3.3826e+00  -1.8709e-01  1.3526e-01  1.5552e-01  ;...
   5.1556e-01  1.9407e-01  9.3754e-01  -3.3770e+00  -1.8960e-01  1.3645e-01  1.5575e-01  ;...
   5.2206e-01  1.9467e-01  9.3733e-01  -3.3712e+00  -1.9223e-01  1.3765e-01  1.5599e-01  ;...
   5.2863e-01  1.9527e-01  9.3711e-01  -3.3652e+00  -1.9500e-01  1.3884e-01  1.5623e-01  ;...
   5.3529e-01  1.9590e-01  9.3690e-01  -3.3589e+00  -1.9790e-01  1.4002e-01  1.5648e-01  ;...
   5.4203e-01  1.9654e-01  9.3667e-01  -3.3523e+00  -2.0095e-01  1.4121e-01  1.5674e-01  ;...
   5.4885e-01  1.9720e-01  9.3644e-01  -3.3455e+00  -2.0414e-01  1.4239e-01  1.5700e-01  ;...
   5.5577e-01  1.9787e-01  9.3620e-01  -3.3383e+00  -2.0750e-01  1.4356e-01  1.5727e-01  ;...
   5.6276e-01  1.9856e-01  9.3596e-01  -3.3309e+00  -2.1101e-01  1.4473e-01  1.5754e-01  ;...
   5.6985e-01  1.9927e-01  9.3571e-01  -3.3232e+00  -2.1469e-01  1.4589e-01  1.5782e-01  ;...
   5.7703e-01  1.9999e-01  9.3545e-01  -3.3151e+00  -2.1855e-01  1.4704e-01  1.5811e-01  ;...
   5.8429e-01  2.0074e-01  9.3518e-01  -3.3067e+00  -2.2260e-01  1.4818e-01  1.5841e-01  ;...
   5.9165e-01  2.0150e-01  9.3491e-01  -3.2980e+00  -2.2683e-01  1.4932e-01  1.5871e-01  ;...
   5.9910e-01  2.0228e-01  9.3463e-01  -3.2889e+00  -2.3127e-01  1.5044e-01  1.5901e-01  ;...
   6.0664e-01  2.0308e-01  9.3434e-01  -3.2795e+00  -2.3591e-01  1.5156e-01  1.5933e-01  ;...
   6.1428e-01  2.0391e-01  9.3405e-01  -3.2697e+00  -2.4077e-01  1.5266e-01  1.5965e-01  ;...
   6.2202e-01  2.0475e-01  9.3374e-01  -3.2595e+00  -2.4585e-01  1.5376e-01  1.5998e-01  ;...
   6.2985e-01  2.0561e-01  9.3343e-01  -3.2489e+00  -2.5117e-01  1.5484e-01  1.6032e-01  ;...
   6.3778e-01  2.0649e-01  9.3311e-01  -3.2378e+00  -2.5672e-01  1.5590e-01  1.6066e-01  ;...
   6.4581e-01  2.0740e-01  9.3278e-01  -3.2264e+00  -2.6253e-01  1.5695e-01  1.6101e-01  ;...
   6.5394e-01  2.0833e-01  9.3244e-01  -3.2145e+00  -2.6860e-01  1.5799e-01  1.6137e-01  ;...
   6.6217e-01  2.0928e-01  9.3209e-01  -3.2021e+00  -2.7494e-01  1.5901e-01  1.6174e-01  ;...
   6.7051e-01  2.1025e-01  9.3173e-01  -3.1893e+00  -2.8156e-01  1.6001e-01  1.6211e-01  ;...
   6.7895e-01  2.1124e-01  9.3136e-01  -3.1760e+00  -2.8846e-01  1.6099e-01  1.6250e-01  ;...
   6.8750e-01  2.1226e-01  9.3098e-01  -3.1622e+00  -2.9567e-01  1.6196e-01  1.6289e-01  ;...
   6.9615e-01  2.1330e-01  9.3059e-01  -3.1478e+00  -3.0319e-01  1.6290e-01  1.6329e-01  ;...
   7.0492e-01  2.1437e-01  9.3018e-01  -3.1330e+00  -3.1103e-01  1.6382e-01  1.6369e-01  ;...
   7.1379e-01  2.1546e-01  9.2977e-01  -3.1176e+00  -3.1920e-01  1.6473e-01  1.6411e-01  ;...
   7.2278e-01  2.1657e-01  9.2934e-01  -3.1017e+00  -3.2771e-01  1.6561e-01  1.6453e-01  ;...
   7.3188e-01  2.1771e-01  9.2891e-01  -3.0852e+00  -3.3657e-01  1.6646e-01  1.6497e-01  ;...
   7.4109e-01  2.1887e-01  9.2845e-01  -3.0681e+00  -3.4579e-01  1.6729e-01  1.6541e-01  ;...
   7.5042e-01  2.2006e-01  9.2799e-01  -3.0504e+00  -3.5539e-01  1.6809e-01  1.6585e-01  ;...
   7.5987e-01  2.2127e-01  9.2751e-01  -3.0322e+00  -3.6537e-01  1.6887e-01  1.6631e-01  ;...
   7.6943e-01  2.2251e-01  9.2702e-01  -3.0133e+00  -3.7574e-01  1.6962e-01  1.6678e-01  ;...
   7.7912e-01  2.2378e-01  9.2652e-01  -2.9938e+00  -3.8652e-01  1.7034e-01  1.6725e-01  ;...
   7.8893e-01  2.2507e-01  9.2599e-01  -2.9736e+00  -3.9771e-01  1.7103e-01  1.6773e-01  ;...
   7.9886e-01  2.2638e-01  9.2546e-01  -2.9528e+00  -4.0933e-01  1.7169e-01  1.6822e-01  ;...
   8.0892e-01  2.2772e-01  9.2491e-01  -2.9313e+00  -4.2137e-01  1.7232e-01  1.6872e-01  ;...
   8.1910e-01  2.2908e-01  9.2434e-01  -2.9092e+00  -4.3386e-01  1.7291e-01  1.6922e-01  ;...
   8.2941e-01  2.3047e-01  9.2375e-01  -2.8863e+00  -4.4680e-01  1.7347e-01  1.6973e-01  ;...
   8.3985e-01  2.3188e-01  9.2315e-01  -2.8628e+00  -4.6020e-01  1.7400e-01  1.7025e-01  ;...
   8.5042e-01  2.3332e-01  9.2253e-01  -2.8386e+00  -4.7406e-01  1.7449e-01  1.7078e-01  ;...
   8.6113e-01  2.3477e-01  9.2189e-01  -2.8137e+00  -4.8839e-01  1.7495e-01  1.7131e-01  ;...
   8.7197e-01  2.3625e-01  9.2124e-01  -2.7881e+00  -5.0320e-01  1.7537e-01  1.7185e-01  ;...
   8.8294e-01  2.3776e-01  9.2056e-01  -2.7618e+00  -5.1849e-01  1.7575e-01  1.7239e-01  ;...
   8.9406e-01  2.3928e-01  9.1986e-01  -2.7347e+00  -5.3427e-01  1.7609e-01  1.7294e-01  ;...
   9.0531e-01  2.4082e-01  9.1914e-01  -2.7070e+00  -5.5053e-01  1.7640e-01  1.7350e-01  ;...
   9.1670e-01  2.4238e-01  9.1840e-01  -2.6785e+00  -5.6728e-01  1.7666e-01  1.7406e-01  ;...
   9.2824e-01  2.4395e-01  9.1764e-01  -2.6494e+00  -5.8452e-01  1.7688e-01  1.7463e-01  ;...
   9.3993e-01  2.4554e-01  9.1685e-01  -2.6195e+00  -6.0224e-01  1.7706e-01  1.7519e-01  ;...
   9.5176e-01  2.4715e-01  9.1604e-01  -2.5890e+00  -6.2044e-01  1.7721e-01  1.7577e-01  ;...
   9.6374e-01  2.4876e-01  9.1520e-01  -2.5577e+00  -6.3911e-01  1.7730e-01  1.7634e-01  ;...
   9.7587e-01  2.5039e-01  9.1434e-01  -2.5258e+00  -6.5825e-01  1.7736e-01  1.7691e-01  ;...
   9.8815e-01  2.5202e-01  9.1346e-01  -2.4932e+00  -6.7785e-01  1.7737e-01  1.7749e-01  ;...
   1.0006e+00  2.5365e-01  9.1254e-01  -2.4600e+00  -6.9789e-01  1.7734e-01  1.7806e-01  ;...
   1.0132e+00  2.5529e-01  9.1160e-01  -2.4262e+00  -7.1835e-01  1.7727e-01  1.7864e-01  ;...
   1.0259e+00  2.5692e-01  9.1063e-01  -2.3917e+00  -7.3922e-01  1.7716e-01  1.7921e-01  ;...
   1.0388e+00  2.5855e-01  9.0963e-01  -2.3567e+00  -7.6047e-01  1.7700e-01  1.7977e-01  ;...
   1.0519e+00  2.6017e-01  9.0859e-01  -2.3211e+00  -7.8209e-01  1.7679e-01  1.8034e-01  ;...
   1.0652e+00  2.6178e-01  9.0753e-01  -2.2850e+00  -8.0403e-01  1.7655e-01  1.8089e-01  ;...
   1.0786e+00  2.6337e-01  9.0643e-01  -2.2485e+00  -8.2627e-01  1.7626e-01  1.8144e-01  ;...
   1.0921e+00  2.6493e-01  9.0530e-01  -2.2114e+00  -8.4877e-01  1.7593e-01  1.8198e-01  ;...
   1.1059e+00  2.6648e-01  9.0414e-01  -2.1740e+00  -8.7150e-01  1.7556e-01  1.8251e-01  ;...
   1.1198e+00  2.6799e-01  9.0293e-01  -2.1362e+00  -8.9440e-01  1.7514e-01  1.8303e-01  ;...
   1.1339e+00  2.6946e-01  9.0169e-01  -2.0980e+00  -9.1742e-01  1.7468e-01  1.8353e-01  ;...
   1.1482e+00  2.7089e-01  9.0042e-01  -2.0596e+00  -9.4052e-01  1.7419e-01  1.8401e-01  ;...
   1.1626e+00  2.7227e-01  8.9910e-01  -2.0210e+00  -9.6364e-01  1.7365e-01  1.8448e-01  ;...
   1.1772e+00  2.7359e-01  8.9774e-01  -1.9822e+00  -9.8671e-01  1.7307e-01  1.8493e-01  ;...
   1.1921e+00  2.7486e-01  8.9634e-01  -1.9433e+00  -1.0097e+00  1.7246e-01  1.8536e-01  ;...
   1.2071e+00  2.7605e-01  8.9489e-01  -1.9044e+00  -1.0324e+00  1.7180e-01  1.8576e-01  ;...
   1.2223e+00  2.7716e-01  8.9341e-01  -1.8655e+00  -1.0549e+00  1.7112e-01  1.8613e-01  ;...
   1.2376e+00  2.7820e-01  8.9187e-01  -1.8267e+00  -1.0771e+00  1.7039e-01  1.8648e-01  ;...
   1.2532e+00  2.7914e-01  8.9029e-01  -1.7881e+00  -1.0988e+00  1.6963e-01  1.8679e-01  ;...
   1.2690e+00  2.7998e-01  8.8866e-01  -1.7497e+00  -1.1200e+00  1.6884e-01  1.8707e-01  ;...
   1.2850e+00  2.8071e-01  8.8698e-01  -1.7117e+00  -1.1406e+00  1.6802e-01  1.8732e-01  ;...
   1.3011e+00  2.8132e-01  8.8525e-01  -1.6741e+00  -1.1605e+00  1.6717e-01  1.8752e-01  ;...
   1.3175e+00  2.8181e-01  8.8347e-01  -1.6369e+00  -1.1796e+00  1.6629e-01  1.8769e-01  ;...
   1.3341e+00  2.8217e-01  8.8163e-01  -1.6003e+00  -1.1978e+00  1.6538e-01  1.8781e-01  ;...
   1.3509e+00  2.8239e-01  8.7974e-01  -1.5644e+00  -1.2149e+00  1.6444e-01  1.8788e-01  ;...
   1.3679e+00  2.8246e-01  8.7779e-01  -1.5292e+00  -1.2310e+00  1.6348e-01  1.8790e-01  ;...
   1.3851e+00  2.8237e-01  8.7578e-01  -1.4948e+00  -1.2458e+00  1.6250e-01  1.8787e-01  ;...
   1.4025e+00  2.8211e-01  8.7371e-01  -1.4614e+00  -1.2593e+00  1.6150e-01  1.8779e-01  ;...
   1.4202e+00  2.8169e-01  8.7159e-01  -1.4289e+00  -1.2713e+00  1.6048e-01  1.8765e-01  ;...
   1.4380e+00  2.8109e-01  8.6940e-01  -1.3974e+00  -1.2819e+00  1.5943e-01  1.8745e-01  ;...
   1.4561e+00  2.8030e-01  8.6715e-01  -1.3672e+00  -1.2908e+00  1.5837e-01  1.8718e-01  ;...
   1.4745e+00  2.7932e-01  8.6483e-01  -1.3381e+00  -1.2980e+00  1.5730e-01  1.8686e-01  ;...
   1.4930e+00  2.7815e-01  8.6245e-01  -1.3103e+00  -1.3034e+00  1.5621e-01  1.8646e-01  ;...
   1.5118e+00  2.7678e-01  8.6000e-01  -1.2839e+00  -1.3070e+00  1.5511e-01  1.8600e-01  ;...
   1.5308e+00  2.7520e-01  8.5748e-01  -1.2588e+00  -1.3087e+00  1.5399e-01  1.8547e-01  ;...
   1.5501e+00  2.7343e-01  8.5490e-01  -1.2352e+00  -1.3085e+00  1.5286e-01  1.8487e-01  ;...
   1.5696e+00  2.7144e-01  8.5224e-01  -1.2130e+00  -1.3062e+00  1.5173e-01  1.8420e-01  ;...
   1.5893e+00  2.6926e-01  8.4952e-01  -1.1924e+00  -1.3020e+00  1.5058e-01  1.8346e-01  ;...
   1.6093e+00  2.6687e-01  8.4672e-01  -1.1732e+00  -1.2958e+00  1.4943e-01  1.8264e-01  ;...
   1.6296e+00  2.6427e-01  8.4385e-01  -1.1556e+00  -1.2877e+00  1.4826e-01  1.8175e-01  ;...
   1.6501e+00  2.6148e-01  8.4090e-01  -1.1394e+00  -1.2777e+00  1.4710e-01  1.8079e-01  ;...
   1.6709e+00  2.5850e-01  8.3789e-01  -1.1246e+00  -1.2659e+00  1.4592e-01  1.7976e-01  ;...
   1.6919e+00  2.5533e-01  8.3479e-01  -1.1113e+00  -1.2523e+00  1.4473e-01  1.7865e-01  ;...
   1.7132e+00  2.5198e-01  8.3163e-01  -1.0992e+00  -1.2372e+00  1.4354e-01  1.7748e-01  ;...
   1.7347e+00  2.4846e-01  8.2838e-01  -1.0883e+00  -1.2206e+00  1.4235e-01  1.7623e-01  ;...
   1.7566e+00  2.4477e-01  8.2506e-01  -1.0785e+00  -1.2028e+00  1.4114e-01  1.7492e-01  ;...
   1.7787e+00  2.4093e-01  8.2167e-01  -1.0697e+00  -1.1840e+00  1.3993e-01  1.7354e-01  ;...
   1.8010e+00  2.3695e-01  8.1820e-01  -1.0616e+00  -1.1644e+00  1.3871e-01  1.7210e-01  ;...
   1.8237e+00  2.3283e-01  8.1465e-01  -1.0541e+00  -1.1442e+00  1.3748e-01  1.7060e-01  ;...
   1.8466e+00  2.2860e-01  8.1103e-01  -1.0469e+00  -1.1237e+00  1.3624e-01  1.6904e-01  ;...
   1.8699e+00  2.2426e-01  8.0733e-01  -1.0400e+00  -1.1032e+00  1.3500e-01  1.6743e-01  ;...
   1.8934e+00  2.1982e-01  8.0355e-01  -1.0330e+00  -1.0830e+00  1.3374e-01  1.6576e-01  ;...
   1.9172e+00  2.1530e-01  7.9970e-01  -1.0257e+00  -1.0634e+00  1.3247e-01  1.6405e-01  ;...
   1.9414e+00  2.1071e-01  7.9577e-01  -1.0180e+00  -1.0446e+00  1.3119e-01  1.6229e-01  ;...
   1.9658e+00  2.0605e-01  7.9177e-01  -1.0096e+00  -1.0268e+00  1.2990e-01  1.6049e-01  ;...
   1.9905e+00  2.0134e-01  7.8770e-01  -1.0004e+00  -1.0102e+00  1.2860e-01  1.5864e-01  ;...
   2.0156e+00  1.9660e-01  7.8355e-01  -9.9033e-01  -9.9496e-01  1.2729e-01  1.5676e-01  ;...
   2.0409e+00  1.9182e-01  7.7933e-01  -9.7943e-01  -9.8096e-01  1.2596e-01  1.5485e-01  ;...
   2.0666e+00  1.8701e-01  7.7504e-01  -9.6784e-01  -9.6806e-01  1.2462e-01  1.5289e-01  ;...
   2.0926e+00  1.8219e-01  7.7067e-01  -9.5587e-01  -9.5588e-01  1.2327e-01  1.5091e-01  ;...
   2.1189e+00  1.7736e-01  7.6624e-01  -9.4396e-01  -9.4397e-01  1.2191e-01  1.4890e-01  ;...
   2.1456e+00  1.7253e-01  7.6174e-01  -9.3221e-01  -9.3222e-01  1.2054e-01  1.4686e-01  ;...
   2.1726e+00  1.6771e-01  7.5717e-01  -9.2061e-01  -9.2062e-01  1.1916e-01  1.4479e-01  ;...
   2.1999e+00  1.6290e-01  7.5253e-01  -9.0916e-01  -9.0917e-01  1.1776e-01  1.4270e-01  ;...
   2.2276e+00  1.5810e-01  7.4783e-01  -8.9785e-01  -8.9786e-01  1.1636e-01  1.4058e-01  ;...
   2.2556e+00  1.5334e-01  7.4307e-01  -8.8669e-01  -8.8669e-01  1.1495e-01  1.3845e-01  ;...
   2.2840e+00  1.4860e-01  7.3825e-01  -8.7567e-01  -8.7567e-01  1.1353e-01  1.3629e-01  ;...
   2.3128e+00  1.4390e-01  7.3336e-01  -8.6478e-01  -8.6478e-01  1.1211e-01  1.3412e-01  ;...
   2.3418e+00  1.3924e-01  7.2841e-01  -8.5403e-01  -8.5404e-01  1.1068e-01  1.3193e-01  ;...
   2.3713e+00  1.3462e-01  7.2341e-01  -8.4342e-01  -8.4342e-01  1.0924e-01  1.2972e-01  ;...
   2.4011e+00  1.3006e-01  7.1836e-01  -8.3294e-01  -8.3294e-01  1.0779e-01  1.2751e-01  ;...
   2.4314e+00  1.2556e-01  7.1324e-01  -8.2259e-01  -8.2259e-01  1.0634e-01  1.2528e-01  ;...
   2.4620e+00  1.2112e-01  7.0808e-01  -8.1237e-01  -8.1237e-01  1.0488e-01  1.2305e-01  ;...
   2.4929e+00  1.1674e-01  7.0287e-01  -8.0227e-01  -8.0227e-01  1.0342e-01  1.2080e-01  ;...
   2.5243e+00  1.1244e-01  6.9761e-01  -7.9230e-01  -7.9230e-01  1.0195e-01  1.1855e-01  ;...
   2.5561e+00  1.0820e-01  6.9230e-01  -7.8246e-01  -7.8246e-01  1.0048e-01  1.1630e-01  ;...
   2.5882e+00  1.0405e-01  6.8695e-01  -7.7274e-01  -7.7274e-01  9.9009e-02  1.1404e-01  ;...
   2.6208e+00  9.9971e-02  6.8156e-01  -7.6313e-01  -7.6313e-01  9.7533e-02  1.1179e-01  ;...
   2.6537e+00  9.5977e-02  6.7613e-01  -7.5365e-01  -7.5365e-01  9.6056e-02  1.0953e-01  ;...
   2.6871e+00  9.2068e-02  6.7066e-01  -7.4429e-01  -7.4429e-01  9.4577e-02  1.0728e-01  ;...
   2.7209e+00  8.8246e-02  6.6515e-01  -7.3504e-01  -7.3504e-01  9.3097e-02  1.0503e-01  ;...
   2.7552e+00  8.4514e-02  6.5962e-01  -7.2591e-01  -7.2591e-01  9.1617e-02  1.0278e-01  ;...
   2.7898e+00  8.0873e-02  6.5405e-01  -7.1689e-01  -7.1689e-01  9.0136e-02  1.0054e-01  ;...
   2.8249e+00  7.7326e-02  6.4845e-01  -7.0798e-01  -7.0798e-01  8.8657e-02  9.8315e-02  ;...
   2.8605e+00  7.3872e-02  6.4283e-01  -6.9918e-01  -6.9918e-01  8.7178e-02  9.6094e-02  ;...
   2.8965e+00  7.0513e-02  6.3718e-01  -6.9050e-01  -6.9050e-01  8.5702e-02  9.3884e-02  ;...
   2.9329e+00  6.7250e-02  6.3151e-01  -6.8192e-01  -6.8192e-01  8.4227e-02  9.1686e-02  ;...
   2.9698e+00  6.4084e-02  6.2582e-01  -6.7344e-01  -6.7344e-01  8.2755e-02  8.9502e-02  ;...
   3.0072e+00  6.1015e-02  6.2012e-01  -6.6508e-01  -6.6508e-01  8.1287e-02  8.7332e-02  ;...
   3.0450e+00  5.8042e-02  6.1440e-01  -6.5681e-01  -6.5681e-01  7.9822e-02  8.5178e-02  ;...
   3.0833e+00  5.5166e-02  6.0866e-01  -6.4865e-01  -6.4865e-01  7.8362e-02  8.3041e-02  ;...
   3.1221e+00  5.2387e-02  6.0292e-01  -6.4059e-01  -6.4059e-01  7.6907e-02  8.0922e-02  ;...
   3.1614e+00  4.9704e-02  5.9717e-01  -6.3263e-01  -6.3263e-01  7.5457e-02  7.8823e-02  ;...
   3.2012e+00  4.7117e-02  5.9141e-01  -6.2477e-01  -6.2477e-01  7.4012e-02  7.6744e-02  ;...
   3.2414e+00  4.4625e-02  5.8565e-01  -6.1701e-01  -6.1701e-01  7.2574e-02  7.4686e-02  ;...
   3.2822e+00  4.2226e-02  5.7989e-01  -6.0935e-01  -6.0935e-01  7.1143e-02  7.2651e-02  ;...
   3.3235e+00  3.9919e-02  5.7413e-01  -6.0177e-01  -6.0177e-01  6.9720e-02  7.0639e-02  ;...
   3.3653e+00  3.7704e-02  5.6837e-01  -5.9430e-01  -5.9430e-01  6.8304e-02  6.8651e-02  ;...
   3.4077e+00  3.5580e-02  5.6262e-01  -5.8691e-01  -5.8691e-01  6.6896e-02  6.6689e-02  ;...
   3.4505e+00  3.3543e-02  5.5687e-01  -5.7962e-01  -5.7962e-01  6.5497e-02  6.4752e-02  ;...
   3.4939e+00  3.1593e-02  5.5114e-01  -5.7242e-01  -5.7242e-01  6.4108e-02  6.2842e-02  ;...
   3.5379e+00  2.9729e-02  5.4541e-01  -5.6531e-01  -5.6531e-01  6.2728e-02  6.0960e-02  ;...
   3.5824e+00  2.7948e-02  5.3970e-01  -5.5829e-01  -5.5829e-01  6.1358e-02  5.9105e-02  ;...
   3.6275e+00  2.6248e-02  5.3401e-01  -5.5135e-01  -5.5135e-01  5.9999e-02  5.7279e-02  ;...
   3.6731e+00  2.4627e-02  5.2833e-01  -5.4450e-01  -5.4450e-01  5.8651e-02  5.5483e-02  ;...
   3.7193e+00  2.3084e-02  5.2267e-01  -5.3773e-01  -5.3773e-01  5.7314e-02  5.3717e-02  ;...
   3.7661e+00  2.1616e-02  5.1703e-01  -5.3105e-01  -5.3105e-01  5.5989e-02  5.1981e-02  ;...
   3.8135e+00  2.0222e-02  5.1142e-01  -5.2445e-01  -5.2445e-01  5.4676e-02  5.0276e-02  ;...
   3.8615e+00  1.8898e-02  5.0582e-01  -5.1794e-01  -5.1794e-01  5.3376e-02  4.8602e-02  ;...
   3.9100e+00  1.7643e-02  5.0026e-01  -5.1150e-01  -5.1150e-01  5.2089e-02  4.6960e-02  ;...
   3.9592e+00  1.6454e-02  4.9472e-01  -5.0515e-01  -5.0515e-01  5.0815e-02  4.5351e-02  ;...
   4.0090e+00  1.5329e-02  4.8921e-01  -4.9887e-01  -4.9887e-01  4.9555e-02  4.3773e-02  ;...
   4.0595e+00  1.4267e-02  4.8373e-01  -4.9267e-01  -4.9267e-01  4.8309e-02  4.2229e-02  ;...
   4.1105e+00  1.3263e-02  4.7828e-01  -4.8655e-01  -4.8655e-01  4.7077e-02  4.0717e-02  ;...
   4.1623e+00  1.2318e-02  4.7286e-01  -4.8051e-01  -4.8051e-01  4.5861e-02  3.9239e-02  ;...
   4.2146e+00  1.1427e-02  4.6748e-01  -4.7454e-01  -4.7454e-01  4.4659e-02  3.7794e-02  ;...
   4.2676e+00  1.0589e-02  4.6213e-01  -4.6864e-01  -4.6864e-01  4.3472e-02  3.6382e-02  ;...
   4.3213e+00  9.8023e-03  4.5682e-01  -4.6282e-01  -4.6282e-01  4.2302e-02  3.5004e-02  ;...
   4.3757e+00  9.0636e-03  4.5155e-01  -4.5707e-01  -4.5707e-01  4.1147e-02  3.3659e-02  ;...
   4.4307e+00  8.3712e-03  4.4632e-01  -4.5139e-01  -4.5139e-01  4.0009e-02  3.2348e-02  ;...
   4.4865e+00  7.7230e-03  4.4112e-01  -4.4578e-01  -4.4578e-01  3.8886e-02  3.1070e-02  ;...
   4.5429e+00  7.1168e-03  4.3597e-01  -4.4025e-01  -4.4025e-01  3.7781e-02  2.9826e-02  ;...
   4.6001e+00  6.5506e-03  4.3086e-01  -4.3478e-01  -4.3478e-01  3.6693e-02  2.8615e-02  ;...
   4.6579e+00  6.0225e-03  4.2579e-01  -4.2937e-01  -4.2937e-01  3.5621e-02  2.7437e-02  ;...
   4.7165e+00  5.5304e-03  4.2076e-01  -4.2404e-01  -4.2404e-01  3.4568e-02  2.6292e-02  ;...
   4.7759e+00  5.0724e-03  4.1577e-01  -4.1877e-01  -4.1877e-01  3.3531e-02  2.5180e-02  ;...
   4.8359e+00  4.6469e-03  4.1083e-01  -4.1357e-01  -4.1357e-01  3.2513e-02  2.4101e-02  ;...
   4.8968e+00  4.2518e-03  4.0594e-01  -4.0843e-01  -4.0843e-01  3.1512e-02  2.3053e-02  ;...
   4.9584e+00  3.8856e-03  4.0109e-01  -4.0336e-01  -4.0336e-01  3.0529e-02  2.2038e-02  ;...
   5.0208e+00  3.5466e-03  3.9628e-01  -3.9835e-01  -3.9835e-01  2.9564e-02  2.1055e-02  ;...
   5.0839e+00  3.2330e-03  3.9152e-01  -3.9340e-01  -3.9340e-01  2.8618e-02  2.0103e-02  ;...
   5.1479e+00  2.9435e-03  3.8681e-01  -3.8851e-01  -3.8851e-01  2.7690e-02  1.9181e-02  ;...
   5.2126e+00  2.6765e-03  3.8214e-01  -3.8368e-01  -3.8368e-01  2.6780e-02  1.8291e-02  ;...
   5.2782e+00  2.4306e-03  3.7752e-01  -3.7892e-01  -3.7892e-01  2.5889e-02  1.7430e-02  ;...
   5.3446e+00  2.2044e-03  3.7295e-01  -3.7421e-01  -3.7421e-01  2.5016e-02  1.6599e-02  ;...
   5.4119e+00  1.9967e-03  3.6842e-01  -3.6956e-01  -3.6956e-01  2.4162e-02  1.5798e-02  ;...
   5.4799e+00  1.8061e-03  3.6394e-01  -3.6497e-01  -3.6497e-01  2.3326e-02  1.5025e-02  ;...
   5.5489e+00  1.6316e-03  3.5951e-01  -3.6043e-01  -3.6043e-01  2.2509e-02  1.4281e-02  ;...
   5.6187e+00  1.4719e-03  3.5512e-01  -3.5596e-01  -3.5596e-01  2.1711e-02  1.3564e-02  ;...
   5.6894e+00  1.3260e-03  3.5079e-01  -3.5153e-01  -3.5153e-01  2.0931e-02  1.2874e-02  ;...
   5.7609e+00  1.1930e-03  3.4649e-01  -3.4717e-01  -3.4717e-01  2.0170e-02  1.2211e-02  ;...
   5.8334e+00  1.0718e-03  3.4225e-01  -3.4285e-01  -3.4285e-01  1.9427e-02  1.1574e-02  ;...
   5.9068e+00  9.6154e-04  3.3806e-01  -3.3859e-01  -3.3859e-01  1.8703e-02  1.0963e-02  ;...
   5.9811e+00  8.6142e-04  3.3391e-01  -3.3439e-01  -3.3439e-01  1.7997e-02  1.0376e-02  ;...
   6.0563e+00  7.7062e-04  3.2980e-01  -3.3023e-01  -3.3023e-01  1.7309e-02  9.8143e-03  ;...
   6.1325e+00  6.8840e-04  3.2575e-01  -3.2613e-01  -3.2613e-01  1.6639e-02  9.2760e-03  ;...
   6.2097e+00  6.1405e-04  3.2174e-01  -3.2208e-01  -3.2208e-01  1.5988e-02  8.7608e-03  ;...
   6.2878e+00  5.4693e-04  3.1777e-01  -3.1808e-01  -3.1808e-01  1.5354e-02  8.2681e-03  ;...
   6.3669e+00  4.8642e-04  3.1386e-01  -3.1413e-01  -3.1413e-01  1.4738e-02  7.7973e-03  ;...
   6.4470e+00  4.3195e-04  3.0998e-01  -3.1022e-01  -3.1022e-01  1.4139e-02  7.3478e-03  ;...
   6.5281e+00  3.8301e-04  3.0616e-01  -3.0637e-01  -3.0637e-01  1.3558e-02  6.9190e-03  ;...
   6.6102e+00  3.3908e-04  3.0238e-01  -3.0256e-01  -3.0256e-01  1.2994e-02  6.5102e-03  ;...
   6.6933e+00  2.9974e-04  2.9864e-01  -2.9880e-01  -2.9880e-01  1.2447e-02  6.1208e-03  ;...
   6.7775e+00  2.6454e-04  2.9495e-01  -2.9509e-01  -2.9509e-01  1.1916e-02  5.7502e-03  ;...
   6.8628e+00  2.3311e-04  2.9130e-01  -2.9143e-01  -2.9143e-01  1.1403e-02  5.3978e-03  ;...
   6.9491e+00  2.0509e-04  2.8769e-01  -2.8781e-01  -2.8781e-01  1.0905e-02  5.0630e-03  ;...
   7.0365e+00  1.8015e-04  2.8413e-01  -2.8423e-01  -2.8423e-01  1.0424e-02  4.7451e-03  ;...
   7.1251e+00  1.5798e-04  2.8061e-01  -2.8070e-01  -2.8070e-01  9.9586e-03  4.4436e-03  ;...
   7.2147e+00  1.3832e-04  2.7714e-01  -2.7721e-01  -2.7721e-01  9.5088e-03  4.1579e-03  ;...
   7.3055e+00  1.2090e-04  2.7370e-01  -2.7377e-01  -2.7377e-01  9.0743e-03  3.8873e-03  ;...
   7.3974e+00  1.0550e-04  2.7031e-01  -2.7037e-01  -2.7037e-01  8.6548e-03  3.6313e-03  ;...
   7.4904e+00  9.1905e-05  2.6696e-01  -2.6701e-01  -2.6701e-01  8.2501e-03  3.3893e-03  ;...
   7.5846e+00  7.9927e-05  2.6365e-01  -2.6369e-01  -2.6369e-01  7.8600e-03  3.1607e-03  ;...
   7.6800e+00  6.9391e-05  2.6038e-01  -2.6042e-01  -2.6042e-01  7.4840e-03  2.9450e-03  ;...
   7.7767e+00  6.0140e-05  2.5715e-01  -2.5718e-01  -2.5718e-01  7.1220e-03  2.7417e-03  ;...
   7.8745e+00  5.2031e-05  2.5396e-01  -2.5399e-01  -2.5399e-01  6.7735e-03  2.5501e-03  ;...
   7.9735e+00  4.4936e-05  2.5081e-01  -2.5083e-01  -2.5083e-01  6.4384e-03  2.3699e-03  ;...
   8.0738e+00  3.8739e-05  2.4769e-01  -2.4771e-01  -2.4771e-01  6.1163e-03  2.2004e-03  ;...
   8.1754e+00  3.3337e-05  2.4462e-01  -2.4464e-01  -2.4464e-01  5.8069e-03  2.0412e-03  ;...
   8.2782e+00  2.8636e-05  2.4158e-01  -2.4160e-01  -2.4160e-01  5.5098e-03  1.8919e-03  ;...
   8.3824e+00  2.4553e-05  2.3858e-01  -2.3860e-01  -2.3860e-01  5.2249e-03  1.7518e-03  ;...
   8.4878e+00  2.1013e-05  2.3562e-01  -2.3563e-01  -2.3563e-01  4.9517e-03  1.6206e-03  ;...
   8.5946e+00  1.7950e-05  2.3269e-01  -2.3270e-01  -2.3270e-01  4.6899e-03  1.4978e-03  ;...
   8.7027e+00  1.5305e-05  2.2981e-01  -2.2981e-01  -2.2981e-01  4.4393e-03  1.3831e-03  ;...
   8.8122e+00  1.3024e-05  2.2695e-01  -2.2696e-01  -2.2696e-01  4.1995e-03  1.2759e-03  ;...
   8.9230e+00  1.1062e-05  2.2413e-01  -2.2414e-01  -2.2414e-01  3.9701e-03  1.1758e-03  ;...
   9.0353e+00  9.3775e-06  2.2135e-01  -2.2135e-01  -2.2135e-01  3.7510e-03  1.0826e-03  ;...
   9.1489e+00  7.9338e-06  2.1860e-01  -2.1860e-01  -2.1860e-01  3.5417e-03  9.9579e-04  ;...
   9.2640e+00  6.6990e-06  2.1589e-01  -2.1589e-01  -2.1589e-01  3.3419e-03  9.1503e-04  ;...
   9.3806e+00  5.6452e-06  2.1320e-01  -2.1321e-01  -2.1321e-01  3.1515e-03  8.3997e-04  ;...
   9.4986e+00  4.7475e-06  2.1056e-01  -2.1056e-01  -2.1056e-01  2.9699e-03  7.7030e-04  ;...
   9.6180e+00  3.9844e-06  2.0794e-01  -2.0794e-01  -2.0794e-01  2.7970e-03  7.0568e-04  ;...
   9.7390e+00  3.3371e-06  2.0536e-01  -2.0536e-01  -2.0536e-01  2.6324e-03  6.4582e-04  ;...
   9.8615e+00  2.7891e-06  2.0281e-01  -2.0281e-01  -2.0281e-01  2.4759e-03  5.9042e-04  ;...
   9.9856e+00  2.3262e-06  2.0029e-01  -2.0029e-01  -2.0029e-01  2.3272e-03  5.3920e-04  ;...
   1.0111e+01  1.9360e-06  1.9780e-01  -1.9780e-01  -1.9780e-01  2.1859e-03  4.9190e-04  ;...
   1.0238e+01  1.6078e-06  1.9534e-01  -1.9534e-01  -1.9534e-01  2.0518e-03  4.4828e-04  ;...
   1.0367e+01  1.3324e-06  1.9292e-01  -1.9292e-01  -1.9292e-01  1.9246e-03  4.0807e-04  ;...
   1.0498e+01  1.1017e-06  1.9052e-01  -1.9052e-01  -1.9052e-01  1.8040e-03  3.7107e-04  ;...
   1.0630e+01  9.0896e-07  1.8815e-01  -1.8815e-01  -1.8815e-01  1.6899e-03  3.3705e-04  ;...
   1.0763e+01  7.4825e-07  1.8582e-01  -1.8582e-01  -1.8582e-01  1.5818e-03  3.0581e-04  ;...
   1.0899e+01  6.1457e-07  1.8351e-01  -1.8351e-01  -1.8351e-01  1.4796e-03  2.7714e-04  ;...
   1.1036e+01  5.0362e-07  1.8123e-01  -1.8123e-01  -1.8123e-01  1.3830e-03  2.5088e-04  ;...
   1.1175e+01  4.1174e-07  1.7898e-01  -1.7898e-01  -1.7898e-01  1.2919e-03  2.2685e-04  ;...
   1.1315e+01  3.3585e-07  1.7675e-01  -1.7675e-01  -1.7675e-01  1.2058e-03  2.0488e-04  ;...
   1.1458e+01  2.7330e-07  1.7456e-01  -1.7456e-01  -1.7456e-01  1.1246e-03  1.8481e-04  ;...
   1.1602e+01  2.2187e-07  1.7239e-01  -1.7239e-01  -1.7239e-01  1.0482e-03  1.6652e-04  ;...
   1.1748e+01  1.7968e-07  1.7025e-01  -1.7025e-01  -1.7025e-01  9.7619e-04  1.4985e-04  ;...
   1.1895e+01  1.4516e-07  1.6813e-01  -1.6813e-01  -1.6813e-01  9.0845e-04  1.3469e-04  ;...
   1.2045e+01  1.1699e-07  1.6604e-01  -1.6604e-01  -1.6604e-01  8.4478e-04  1.2092e-04  ;...
   1.2197e+01  9.4046e-08  1.6398e-01  -1.6398e-01  -1.6398e-01  7.8497e-04  1.0841e-04  ;...
   1.2350e+01  7.5413e-08  1.6194e-01  -1.6194e-01  -1.6194e-01  7.2882e-04  9.7082e-05  ;...
   1.2505e+01  6.0319e-08  1.5993e-01  -1.5993e-01  -1.5993e-01  6.7617e-04  8.6824e-05  ;...
   1.2663e+01  4.8122e-08  1.5794e-01  -1.5794e-01  -1.5794e-01  6.2682e-04  7.7551e-05  ;...
   1.2822e+01  3.8292e-08  1.5598e-01  -1.5598e-01  -1.5598e-01  5.8061e-04  6.9178e-05  ;...
   1.2983e+01  3.0389e-08  1.5404e-01  -1.5404e-01  -1.5404e-01  5.3737e-04  6.1627e-05  ;...
   1.3147e+01  2.4054e-08  1.5213e-01  -1.5213e-01  -1.5213e-01  4.9695e-04  5.4828e-05  ;...
   1.3312e+01  1.8988e-08  1.5024e-01  -1.5024e-01  -1.5024e-01  4.5919e-04  4.8714e-05  ;...
   1.3479e+01  1.4948e-08  1.4837e-01  -1.4837e-01  -1.4837e-01  4.2395e-04  4.3222e-05  ;...
   1.3649e+01  1.1736e-08  1.4653e-01  -1.4653e-01  -1.4653e-01  3.9108e-04  3.8297e-05  ;...
   1.3821e+01  9.1879e-09  1.4471e-01  -1.4471e-01  -1.4471e-01  3.6045e-04  3.3886e-05  ;...
   1.3994e+01  7.1731e-09  1.4291e-01  -1.4291e-01  -1.4291e-01  3.3194e-04  2.9941e-05  ;...
   1.4170e+01  5.5841e-09  1.4114e-01  -1.4114e-01  -1.4114e-01  3.0542e-04  2.6417e-05  ;...
   1.4349e+01  4.3346e-09  1.3939e-01  -1.3939e-01  -1.3939e-01  2.8077e-04  2.3275e-05  ;...
   1.4529e+01  3.3549e-09  1.3765e-01  -1.3765e-01  -1.3765e-01  2.5788e-04  2.0476e-05  ;...
   1.4712e+01  2.5890e-09  1.3594e-01  -1.3594e-01  -1.3594e-01  2.3665e-04  1.7988e-05  ;...
   1.4897e+01  1.9920e-09  1.3425e-01  -1.3425e-01  -1.3425e-01  2.1696e-04  1.5778e-05  ;...
   1.5084e+01  1.5281e-09  1.3259e-01  -1.3259e-01  -1.3259e-01  1.9874e-04  1.3819e-05  ;...
   1.5274e+01  1.1686e-09  1.3094e-01  -1.3094e-01  -1.3094e-01  1.8187e-04  1.2085e-05  ;...
   1.5466e+01  8.9091e-10  1.2931e-01  -1.2931e-01  -1.2931e-01  1.6628e-04  1.0552e-05  ;...
   1.5661e+01  6.7710e-10  1.2771e-01  -1.2771e-01  -1.2771e-01  1.5188e-04  9.1987e-06  ;...
   1.5858e+01  5.1297e-10  1.2612e-01  -1.2612e-01  -1.2612e-01  1.3859e-04  8.0066e-06  ;...
   1.6057e+01  3.8739e-10  1.2455e-01  -1.2455e-01  -1.2455e-01  1.2635e-04  6.9578e-06  ;...
   1.6259e+01  2.9160e-10  1.2301e-01  -1.2301e-01  -1.2301e-01  1.1507e-04  6.0366e-06  ;...
   1.6464e+01  2.1878e-10  1.2148e-01  -1.2148e-01  -1.2148e-01  1.0470e-04  5.2288e-06  ;...
   1.6671e+01  1.6360e-10  1.1997e-01  -1.1997e-01  -1.1997e-01  9.5162e-05  4.5216e-06  ;...
   1.6881e+01  1.2193e-10  1.1848e-01  -1.1848e-01  -1.1848e-01  8.6407e-05  3.9034e-06  ;...
   1.7093e+01  9.0560e-11  1.1701e-01  -1.1701e-01  -1.1701e-01  7.8377e-05  3.3641e-06  ;...
   1.7308e+01  6.7032e-11  1.1555e-01  -1.1555e-01  -1.1555e-01  7.1019e-05  2.8943e-06  ;...
   1.7526e+01  4.9444e-11  1.1412e-01  -1.1412e-01  -1.1412e-01  6.4284e-05  2.4857e-06  ;...
   1.7746e+01  3.6342e-11  1.1270e-01  -1.1270e-01  -1.1270e-01  5.8125e-05  2.1311e-06  ;...
   1.7969e+01  2.6617e-11  1.1130e-01  -1.1130e-01  -1.1130e-01  5.2499e-05  1.8238e-06  ;...
   1.8195e+01  1.9424e-11  1.0992e-01  -1.0992e-01  -1.0992e-01  4.7366e-05  1.5580e-06  ;...
   1.8424e+01  1.4123e-11  1.0855e-01  -1.0855e-01  -1.0855e-01  4.2688e-05  1.3285e-06  ;...
   1.8656e+01  1.0230e-11  1.0720e-01  -1.0720e-01  -1.0720e-01  3.8428e-05  1.1307e-06  ;...
   1.8891e+01  7.3831e-12  1.0587e-01  -1.0587e-01  -1.0587e-01  3.4555e-05  9.6053e-07  ;...
   1.9128e+01  5.3081e-12  1.0456e-01  -1.0456e-01  -1.0456e-01  3.1036e-05  8.1444e-07  ;...
   1.9369e+01  3.8016e-12  1.0326e-01  -1.0326e-01  -1.0326e-01  2.7843e-05  6.8924e-07  ;...
   1.9613e+01  2.7121e-12  1.0198e-01  -1.0198e-01  -1.0198e-01  2.4949e-05  5.8216e-07  ;...
   1.9859e+01  1.9272e-12  1.0071e-01  -1.0071e-01  -1.0071e-01  2.2329e-05  4.9074e-07  ;...
   2.0109e+01  1.3640e-12  9.9457e-02  -9.9457e-02  -9.9457e-02  1.9960e-05  4.1285e-07  ;...
   2.0362e+01  9.6154e-13  9.8222e-02  -9.8222e-02  -9.8222e-02  1.7820e-05  3.4663e-07  ;...
   2.0618e+01  6.7504e-13  9.7002e-02  -9.7002e-02  -9.7002e-02  1.5890e-05  2.9043e-07  ;...
   2.0878e+01  4.7195e-13  9.5797e-02  -9.5797e-02  -9.5797e-02  1.4152e-05  2.4284e-07  ;...
   2.1140e+01  3.2858e-13  9.4606e-02  -9.4606e-02  -9.4606e-02  1.2587e-05  2.0263e-07  ;...
   2.1406e+01  2.2780e-13  9.3431e-02  -9.3431e-02  -9.3431e-02  1.1182e-05  1.6871e-07  ;...
   2.1675e+01  1.5725e-13  9.2271e-02  -9.2271e-02  -9.2271e-02  9.9198e-06  1.4018e-07  ;...
   2.1948e+01  1.0808e-13  9.1124e-02  -9.1124e-02  -9.1124e-02  8.7888e-06  1.1621e-07  ;...
   2.2224e+01  7.3954e-14  8.9992e-02  -8.9992e-02  -8.9992e-02  7.7764e-06  9.6130e-08  ;...
   2.2504e+01  5.0380e-14  8.8874e-02  -8.8874e-02  -8.8874e-02  6.8712e-06  7.9343e-08  ;...
   2.2787e+01  3.4166e-14  8.7770e-02  -8.7770e-02  -8.7770e-02  6.0632e-06  6.5338e-08  ;...
   2.3073e+01  2.3064e-14  8.6680e-02  -8.6680e-02  -8.6680e-02  5.3427e-06  5.3683e-08  ;...
   2.3364e+01  1.5498e-14  8.5603e-02  -8.5603e-02  -8.5603e-02  4.7012e-06  4.4006e-08  ;...
   2.3657e+01  1.0365e-14  8.4540e-02  -8.4540e-02  -8.4540e-02  4.1309e-06  3.5989e-08  ;...
   2.3955e+01  6.8996e-15  8.3490e-02  -8.3490e-02  -8.3490e-02  3.6245e-06  2.9361e-08  ;...
   2.4256e+01  4.5706e-15  8.2452e-02  -8.2452e-02  -8.2452e-02  3.1755e-06  2.3897e-08  ;...
   2.4562e+01  3.0131e-15  8.1428e-02  -8.1428e-02  -8.1428e-02  2.7781e-06  1.9402e-08  ;...
   2.4870e+01  1.9766e-15  8.0417e-02  -8.0417e-02  -8.0417e-02  2.4267e-06  1.5715e-08  ;...
   2.5183e+01  1.2902e-15  7.9418e-02  -7.9418e-02  -7.9418e-02  2.1166e-06  1.2697e-08  ;...
   2.5500e+01  8.3789e-16  7.8431e-02  -7.8431e-02  -7.8431e-02  1.8433e-06  1.0231e-08  ;...
   2.5821e+01  5.4138e-16  7.7457e-02  -7.7457e-02  -7.7457e-02  1.6028e-06  8.2240e-09  ;...
   2.6146e+01  3.4799e-16  7.6495e-02  -7.6495e-02  -7.6495e-02  1.3915e-06  6.5938e-09  ;...
   2.6475e+01  2.2252e-16  7.5544e-02  -7.5544e-02  -7.5544e-02  1.2061e-06  5.2730e-09  ;...
   2.6808e+01  1.4153e-16  7.4606e-02  -7.4606e-02  -7.4606e-02  1.0437e-06  4.2059e-09  ;...
   2.7145e+01  8.9534e-17  7.3679e-02  -7.3679e-02  -7.3679e-02  9.0169e-07  3.3450e-09  ;...
   2.7486e+01  5.6334e-17  7.2764e-02  -7.2764e-02  -7.2764e-02  7.7773e-07  2.6522e-09  ;...
   2.7832e+01  3.5250e-17  7.1860e-02  -7.1860e-02  -7.1860e-02  6.6968e-07  2.0983e-09  ;...
   2.8182e+01  2.1934e-17  7.0967e-02  -7.0967e-02  -7.0967e-02  5.7567e-07  1.6553e-09  ;...
   2.8536e+01  1.3571e-17  7.0086e-02  -7.0086e-02  -7.0086e-02  4.9400e-07  1.3018e-09  ;...
   2.8895e+01  8.3493e-18  6.9215e-02  -6.9215e-02  -6.9215e-02  4.2318e-07  1.0209e-09  ;...
   2.9259e+01  5.1068e-18  6.8355e-02  -6.8355e-02  -6.8355e-02  3.6187e-07  7.9805e-10  ;...
   2.9627e+01  3.1053e-18  6.7506e-02  -6.7506e-02  -6.7506e-02  3.0890e-07  6.2274e-10  ;...
   3.0000e+01  1.8771e-18  6.6667e-02  -6.6667e-02  -6.6667e-02  2.6320e-07  4.8501e-10  ;...
   3.0377e+01  1.1278e-18  6.5839e-02  -6.5839e-02  -6.5839e-02  2.2385e-07  3.7528e-10  ;...
   3.0759e+01  6.7353e-19  6.5021e-02  -6.5021e-02  -6.5021e-02  1.9003e-07  2.8935e-10  ;...
   3.1146e+01  3.9975e-19  6.4214e-02  -6.4214e-02  -6.4214e-02  1.6102e-07  2.2314e-10  ;...
   3.1538e+01  2.3578e-19  6.3416e-02  -6.3416e-02  -6.3416e-02  1.3618e-07  1.7122e-10  ;...
   3.1934e+01  1.3819e-19  6.2628e-02  -6.2628e-02  -6.2628e-02  1.1494e-07  1.3152e-10  ;...
   3.2336e+01  8.0478e-20  6.1850e-02  -6.1850e-02  -6.1850e-02  9.6833e-08  1.0051e-10  ;...
   3.2743e+01  4.6564e-20  6.1082e-02  -6.1082e-02  -6.1082e-02  8.1415e-08  7.6352e-11  ;...
   3.3155e+01  2.6765e-20  6.0323e-02  -6.0323e-02  -6.0323e-02  6.8315e-08  5.7307e-11  ;...
   3.3572e+01  1.5283e-20  5.9574e-02  -5.9574e-02  -5.9574e-02  5.7207e-08  4.3191e-11  ;...
   3.3994e+01  8.6679e-21  5.8834e-02  -5.8834e-02  -5.8834e-02  4.7807e-08  3.2359e-11  ;...
   3.4422e+01  4.8827e-21  5.8103e-02  -5.8103e-02  -5.8103e-02  3.9867e-08  2.4694e-11  ;...
   3.4855e+01  2.7315e-21  5.7381e-02  -5.7381e-02  -5.7381e-02  3.3177e-08  1.8649e-11  ;...
   3.5293e+01  1.5175e-21  5.6668e-02  -5.6668e-02  -5.6668e-02  2.7551e-08  1.4167e-11  ;...
   3.5737e+01  8.3706e-22  5.5964e-02  -5.5964e-02  -5.5964e-02  2.2830e-08  9.7938e-12  ;...
   3.6187e+01  4.5844e-22  5.5269e-02  -5.5269e-02  -5.5269e-02  1.8875e-08  6.9086e-12  ;...
   3.6642e+01  2.4926e-22  5.4583e-02  -5.4583e-02  -5.4583e-02  1.5572e-08  5.4583e-12  ;...
   3.7103e+01  1.3453e-22  5.3904e-02  -5.3904e-02  -5.3904e-02  1.2817e-08  4.0428e-12  ;...
   3.7569e+01  7.2073e-23  5.3235e-02  -5.3235e-02  -5.3235e-02  1.0527e-08  2.6617e-12  ;...
   3.8042e+01  3.8322e-23  5.2574e-02  -5.2574e-02  -5.2574e-02  8.6259e-09  2.6287e-12  ;...
   3.8520e+01  2.0221e-23  5.1920e-02  -5.1920e-02  -5.1920e-02  7.0512e-09  1.2980e-12  ;...
   3.9005e+01  1.0588e-23  5.1275e-02  -5.1275e-02  -5.1275e-02  5.7510e-09  1.2819e-12  ;...
   3.9496e+01  5.5006e-24  5.0639e-02  -5.0639e-02  -5.0639e-02  4.6787e-09  1.2660e-12  ;...
   3.9992e+01  2.8352e-24  5.0009e-02  -5.0009e-02  -5.0009e-02  3.7972e-09  0.0000e+00  ;...
   4.0495e+01  1.4496e-24  4.9388e-02  -4.9388e-02  -4.9388e-02  3.0743e-09  0.0000e+00  ;...
   4.1005e+01  7.3520e-25  4.8775e-02  -4.8775e-02  -4.8775e-02  2.4832e-09  0.0000e+00  ;...
   4.1521e+01  3.6982e-25  4.8169e-02  -4.8169e-02  -4.8169e-02  2.0005e-09  0.0000e+00  ;...
   4.2043e+01  1.8448e-25  4.7570e-02  -4.7570e-02  -4.7570e-02  1.6073e-09  0.0000e+00  ;...
   4.2572e+01  9.1253e-26  4.6980e-02  -4.6980e-02  -4.6980e-02  1.2889e-09  0.0000e+00  ;...
   4.3107e+01  4.4754e-26  4.6396e-02  -4.6396e-02  -4.6396e-02  1.0303e-09  0.0000e+00  ;...
   4.3649e+01  2.1760e-26  4.5820e-02  -4.5820e-02  -4.5820e-02  8.2162e-10  0.0000e+00  ;...
   4.4199e+01  1.0488e-26  4.5250e-02  -4.5250e-02  -4.5250e-02  6.5333e-10  0.0000e+00  ;...
   4.4754e+01  5.0105e-27  4.4688e-02  -4.4688e-02  -4.4688e-02  5.1748e-10  0.0000e+00  ;...
   4.5317e+01  2.3722e-27  4.4133e-02  -4.4133e-02  -4.4133e-02  4.0971e-10  0.0000e+00  ;...
   4.5887e+01  1.1130e-27  4.3585e-02  -4.3585e-02  -4.3585e-02  3.2263e-10  0.0000e+00  ;...
   4.6465e+01  5.1739e-28  4.3043e-02  -4.3043e-02  -4.3043e-02  2.5448e-10  0.0000e+00  ;...
   4.7049e+01  2.3829e-28  4.2509e-02  -4.2509e-02  -4.2509e-02  1.9939e-10  0.0000e+00  ;...
   4.7641e+01  1.0871e-28  4.1981e-02  -4.1981e-02  -4.1981e-02  1.5589e-10  0.0000e+00  ;...
   4.8240e+01  4.9127e-29  4.1459e-02  -4.1459e-02  -4.1459e-02  1.2154e-10  0.0000e+00  ;...
   4.8847e+01  2.1986e-29  4.0944e-02  -4.0944e-02  -4.0944e-02  9.4026e-11  0.0000e+00  ;...
   4.9461e+01  9.7437e-30  4.0436e-02  -4.0436e-02  -4.0436e-02  7.3101e-11  0.0000e+00  ;...
   5.0084e+01  4.2755e-30  3.9933e-02  -3.9933e-02  -3.9933e-02  5.6583e-11  0.0000e+00  ;...
   5.0714e+01  1.8573e-30  3.9437e-02  -3.9437e-02  -3.9437e-02  4.3355e-11  0.0000e+00  ;...
   5.1351e+01  7.9867e-31  3.8947e-02  -3.8947e-02  -3.8947e-02  3.3302e-11  0.0000e+00  ;...
   5.1997e+01  3.3992e-31  3.8463e-02  -3.8463e-02  -3.8463e-02  2.5371e-11  0.0000e+00  ;...
   5.2651e+01  1.4317e-31  3.7986e-02  -3.7986e-02  -3.7986e-02  1.9488e-11  0.0000e+00  ;...
   5.3314e+01  5.9667e-32  3.7514e-02  -3.7514e-02  -3.7514e-02  1.4663e-11  0.0000e+00  ;...
   5.3984e+01  2.4602e-32  3.7048e-02  -3.7048e-02  -3.7048e-02  1.0861e-11  0.0000e+00  ;...
   5.4663e+01  1.0035e-32  3.6588e-02  -3.6588e-02  -3.6588e-02  8.9384e-12  0.0000e+00  ;...
   5.5351e+01  4.0483e-33  3.6133e-02  -3.6133e-02  -3.6133e-02  6.1791e-12  0.0000e+00  ;...
   5.6047e+01  1.6152e-33  3.5684e-02  -3.5684e-02  -3.5684e-02  5.2306e-12  0.0000e+00  ;...
   5.6752e+01  6.3720e-34  3.5241e-02  -3.5241e-02  -3.5241e-02  3.4438e-12  0.0000e+00  ;...
   5.7466e+01  2.4854e-34  3.4803e-02  -3.4803e-02  -3.4803e-02  2.5507e-12  0.0000e+00  ;...
   5.8189e+01  9.5829e-35  3.4371e-02  -3.4371e-02  -3.4371e-02  1.6794e-12  0.0000e+00  ;...
   5.8921e+01  3.6520e-35  3.3944e-02  -3.3944e-02  -3.3944e-02  1.6585e-12  0.0000e+00  ;...
   5.9662e+01  1.3754e-35  3.3522e-02  -3.3522e-02  -3.3522e-02  8.1895e-13  0.0000e+00  ;...
   6.0412e+01  5.1183e-36  3.3106e-02  -3.3106e-02  -3.3106e-02  8.0878e-13  0.0000e+00  ;...
   6.1172e+01  1.8817e-36  3.2695e-02  -3.2695e-02  -3.2695e-02  7.9873e-13  0.0000e+00  ;...
   6.1942e+01  6.8337e-37  3.2288e-02  -3.2288e-02  -3.2288e-02  7.8881e-13  0.0000e+00  ;...
   6.2721e+01  2.4510e-37  3.1887e-02  -3.1887e-02  -3.1887e-02  0.0000e+00  0.0000e+00  ;...
   6.3510e+01  8.6812e-38  3.1491e-02  -3.1491e-02  -3.1491e-02  0.0000e+00  0.0000e+00  ;...
   6.4309e+01  3.0358e-38  3.1100e-02  -3.1100e-02  -3.1100e-02  0.0000e+00  0.0000e+00  ;...
   6.5118e+01  1.0480e-38  3.0714e-02  -3.0714e-02  -3.0714e-02  0.0000e+00  0.0000e+00  ;...
   6.5937e+01  3.5708e-39  3.0332e-02  -3.0332e-02  -3.0332e-02  0.0000e+00  0.0000e+00  ;...
   6.6766e+01  1.2007e-39  2.9955e-02  -2.9955e-02  -2.9955e-02  0.0000e+00  0.0000e+00  ;...
   6.7606e+01  3.9835e-40  2.9583e-02  -2.9583e-02  -2.9583e-02  0.0000e+00  0.0000e+00  ;...
   6.8456e+01  1.3038e-40  2.9216e-02  -2.9216e-02  -2.9216e-02  0.0000e+00  0.0000e+00  ;...
   6.9317e+01  4.2090e-41  2.8853e-02  -2.8853e-02  -2.8853e-02  0.0000e+00  0.0000e+00  ;...
   7.0189e+01  1.3400e-41  2.8494e-02  -2.8494e-02  -2.8494e-02  0.0000e+00  0.0000e+00  ;...
   7.1072e+01  4.2064e-42  2.8140e-02  -2.8140e-02  -2.8140e-02  0.0000e+00  0.0000e+00  ;...
   7.1966e+01  1.3017e-42  2.7791e-02  -2.7791e-02  -2.7791e-02  0.0000e+00  0.0000e+00  ;...
   7.2871e+01  3.9705e-43  2.7446e-02  -2.7446e-02  -2.7446e-02  0.0000e+00  0.0000e+00  ;...
   7.3788e+01  1.1935e-43  2.7105e-02  -2.7105e-02  -2.7105e-02  0.0000e+00  0.0000e+00  ;...
   7.4716e+01  3.5347e-44  2.6768e-02  -2.6768e-02  -2.6768e-02  0.0000e+00  0.0000e+00  ;...
   7.5656e+01  1.0313e-44  2.6435e-02  -2.6435e-02  -2.6435e-02  0.0000e+00  0.0000e+00  ;...
   7.6608e+01  2.9634e-45  2.6107e-02  -2.6107e-02  -2.6107e-02  0.0000e+00  0.0000e+00  ;...
   7.7571e+01  8.3853e-46  2.5783e-02  -2.5783e-02  -2.5783e-02  0.0000e+00  0.0000e+00  ;...
   7.8547e+01  2.3361e-46  2.5462e-02  -2.5462e-02  -2.5462e-02  0.0000e+00  0.0000e+00  ;...
   7.9535e+01  6.4061e-47  2.5146e-02  -2.5146e-02  -2.5146e-02  0.0000e+00  0.0000e+00  ;...
   8.0535e+01  1.7289e-47  2.4834e-02  -2.4834e-02  -2.4834e-02  0.0000e+00  0.0000e+00  ;...
   8.1549e+01  4.5910e-48  2.4525e-02  -2.4525e-02  -2.4525e-02  0.0000e+00  0.0000e+00  ;...
   8.2574e+01  1.1993e-48  2.4221e-02  -2.4221e-02  -2.4221e-02  0.0000e+00  0.0000e+00  ;...
   8.3613e+01  3.0815e-49  2.3920e-02  -2.3920e-02  -2.3920e-02  0.0000e+00  0.0000e+00  ;...
   8.4665e+01  7.7854e-50  2.3623e-02  -2.3623e-02  -2.3623e-02  0.0000e+00  0.0000e+00  ;...
   8.5730e+01  1.9338e-50  2.3329e-02  -2.3329e-02  -2.3329e-02  0.0000e+00  0.0000e+00  ;...
   8.6808e+01  4.7213e-51  2.3039e-02  -2.3039e-02  -2.3039e-02  0.0000e+00  0.0000e+00  ;...
   8.7900e+01  1.1327e-51  2.2753e-02  -2.2753e-02  -2.2753e-02  0.0000e+00  0.0000e+00  ;...
   8.9006e+01  2.6701e-52  2.2471e-02  -2.2471e-02  -2.2471e-02  0.0000e+00  0.0000e+00  ;...
   9.0125e+01  6.1823e-53  2.2191e-02  -2.2191e-02  -2.2191e-02  0.0000e+00  0.0000e+00  ;...
   9.1259e+01  1.4058e-53  2.1916e-02  -2.1916e-02  -2.1916e-02  0.0000e+00  0.0000e+00  ;...
   9.2407e+01  3.1383e-54  2.1643e-02  -2.1643e-02  -2.1643e-02  0.0000e+00  0.0000e+00  ;...
   9.3569e+01  6.8773e-55  2.1375e-02  -2.1375e-02  -2.1375e-02  0.0000e+00  0.0000e+00  ;...
   9.4746e+01  1.4790e-55  2.1109e-02  -2.1109e-02  -2.1109e-02  0.0000e+00  0.0000e+00  ;...
   9.5938e+01  3.1206e-56  2.0847e-02  -2.0847e-02  -2.0847e-02  0.0000e+00  0.0000e+00  ;...
   9.7144e+01  6.4585e-57  2.0588e-02  -2.0588e-02  -2.0588e-02  0.0000e+00  0.0000e+00  ;...
   9.8366e+01  1.3108e-57  2.0332e-02  -2.0332e-02  -2.0332e-02  0.0000e+00  0.0000e+00  ;...
   9.9604e+01  2.6083e-58  2.0080e-02  -2.0080e-02  -2.0080e-02  0.0000e+00  0.0000e+00  ;...
   1.0086e+02  5.0872e-59  1.9830e-02  -1.9830e-02  -1.9830e-02  0.0000e+00  0.0000e+00  ;...
   1.0213e+02  9.7227e-60  1.9584e-02  -1.9584e-02  -1.9584e-02  0.0000e+00  0.0000e+00  ;...
   1.0341e+02  1.8204e-60  1.9341e-02  -1.9341e-02  -1.9341e-02  0.0000e+00  0.0000e+00  ;...
   1.0471e+02  3.3383e-61  1.9100e-02  -1.9100e-02  -1.9100e-02  0.0000e+00  0.0000e+00  ;...
   1.0603e+02  5.9943e-62  1.8863e-02  -1.8863e-02  -1.8863e-02  0.0000e+00  0.0000e+00  ;...
   1.0736e+02  1.0536e-62  1.8629e-02  -1.8629e-02  -1.8629e-02  0.0000e+00  0.0000e+00  ;...
   1.0871e+02  1.8124e-63  1.8397e-02  -1.8397e-02  -1.8397e-02  0.0000e+00  0.0000e+00  ;...
   1.1008e+02  3.0502e-64  1.8169e-02  -1.8169e-02  -1.8169e-02  0.0000e+00  0.0000e+00  ;...
   1.1146e+02  5.0208e-65  1.7943e-02  -1.7943e-02  -1.7943e-02  0.0000e+00  0.0000e+00  ;...
   1.1287e+02  8.0826e-66  1.7720e-02  -1.7720e-02  -1.7720e-02  0.0000e+00  0.0000e+00  ;...
   1.1429e+02  1.2741e-66  1.7500e-02  -1.7500e-02  -1.7500e-02  0.0000e+00  0.0000e+00  ;...
   1.1572e+02  1.9629e-67  1.7283e-02  -1.7283e-02  -1.7283e-02  0.0000e+00  0.0000e+00  ;...
   ];