dataC = [...
   5.1965e-06  1.0787e+00  3.0912e+00  -9.2956e+00  -2.4107e+00  9.4026e-06  3.6721e-01  ;...
   1.0458e-05  1.0787e+00  3.0912e+00  -9.2956e+00  -2.4107e+00  1.4016e-05  3.6721e-01  ;...
   1.5786e-05  1.0787e+00  3.0912e+00  -9.2956e+00  -2.4107e+00  1.8571e-05  3.6721e-01  ;...
   2.1181e-05  1.0787e+00  3.0912e+00  -9.2956e+00  -2.4107e+00  2.5374e-05  3.6721e-01  ;...
   2.6644e-05  1.0787e+00  3.0912e+00  -9.2956e+00  -2.4107e+00  3.1175e-05  3.6721e-01  ;...
   3.2176e-05  1.0787e+00  3.0912e+00  -9.2956e+00  -2.4107e+00  3.6445e-05  3.6721e-01  ;...
   3.7777e-05  1.0787e+00  3.0912e+00  -9.2956e+00  -2.4107e+00  4.3975e-05  3.6721e-01  ;...
   4.3449e-05  1.0787e+00  3.0912e+00  -9.2956e+00  -2.4107e+00  4.9480e-05  3.6721e-01  ;...
   4.9192e-05  1.0787e+00  3.0912e+00  -9.2956e+00  -2.4107e+00  5.6616e-05  3.6721e-01  ;...
   5.5007e-05  1.0787e+00  3.0912e+00  -9.2956e+00  -2.4107e+00  6.3066e-05  3.6721e-01  ;...
   6.0895e-05  1.0787e+00  3.0912e+00  -9.2956e+00  -2.4107e+00  6.9806e-05  3.6721e-01  ;...
   6.6858e-05  1.0787e+00  3.0912e+00  -9.2956e+00  -2.4107e+00  7.6735e-05  3.6721e-01  ;...
   7.2895e-05  1.0787e+00  3.0912e+00  -9.2956e+00  -2.4107e+00  8.3785e-05  3.6721e-01  ;...
   7.9009e-05  1.0787e+00  3.0912e+00  -9.2956e+00  -2.4107e+00  9.0907e-05  3.6721e-01  ;...
   8.5199e-05  1.0787e+00  3.0912e+00  -9.2956e+00  -2.4107e+00  9.8066e-05  3.6721e-01  ;...
   9.1467e-05  1.0787e+00  3.0912e+00  -9.2956e+00  -2.4107e+00  1.0523e-04  3.6721e-01  ;...
   9.7814e-05  1.0787e+00  3.0912e+00  -9.2956e+00  -2.4107e+00  1.1239e-04  3.6721e-01  ;...
   1.0424e-04  1.0787e+00  3.0912e+00  -9.2956e+00  -2.4107e+00  1.1999e-04  3.6721e-01  ;...
   1.1075e-04  1.0787e+00  3.0912e+00  -9.2956e+00  -2.4107e+00  1.2750e-04  3.6721e-01  ;...
   1.1734e-04  1.0787e+00  3.0912e+00  -9.2956e+00  -2.4107e+00  1.3492e-04  3.6721e-01  ;...
   1.2401e-04  1.0787e+00  3.0912e+00  -9.2956e+00  -2.4107e+00  1.4263e-04  3.6721e-01  ;...
   1.3077e-04  1.0787e+00  3.0912e+00  -9.2956e+00  -2.4107e+00  1.5058e-04  3.6721e-01  ;...
   1.3761e-04  1.0787e+00  3.0912e+00  -9.2956e+00  -2.4107e+00  1.5836e-04  3.6721e-01  ;...
   1.4454e-04  1.0787e+00  3.0912e+00  -9.2956e+00  -2.4107e+00  1.6632e-04  3.6721e-01  ;...
   1.5155e-04  1.0787e+00  3.0912e+00  -9.2956e+00  -2.4107e+00  1.7442e-04  3.6721e-01  ;...
   1.5865e-04  1.0787e+00  3.0912e+00  -9.2956e+00  -2.4107e+00  1.8263e-04  3.6721e-01  ;...
   1.6584e-04  1.0787e+00  3.0912e+00  -9.2956e+00  -2.4107e+00  1.9091e-04  3.6721e-01  ;...
   1.7313e-04  1.0787e+00  3.0912e+00  -9.2956e+00  -2.4107e+00  1.9925e-04  3.6721e-01  ;...
   1.8050e-04  1.0787e+00  3.0912e+00  -9.2956e+00  -2.4107e+00  2.0789e-04  3.6721e-01  ;...
   1.8797e-04  1.0787e+00  3.0912e+00  -9.2956e+00  -2.4107e+00  2.1653e-04  3.6721e-01  ;...
   1.9553e-04  1.0787e+00  3.0912e+00  -9.2956e+00  -2.4107e+00  2.2515e-04  3.6721e-01  ;...
   2.0319e-04  1.0787e+00  3.0912e+00  -9.2956e+00  -2.4107e+00  2.3398e-04  3.6721e-01  ;...
   2.1094e-04  1.0787e+00  3.0912e+00  -9.2956e+00  -2.4107e+00  2.4275e-04  3.6721e-01  ;...
   2.1879e-04  1.0787e+00  3.0912e+00  -9.2956e+00  -2.4107e+00  2.5191e-04  3.6721e-01  ;...
   2.2674e-04  1.0787e+00  3.0912e+00  -9.2956e+00  -2.4107e+00  2.6096e-04  3.6721e-01  ;...
   2.3478e-04  1.0787e+00  3.0912e+00  -9.2956e+00  -2.4107e+00  2.7033e-04  3.6721e-01  ;...
   2.4293e-04  1.0787e+00  3.0912e+00  -9.2956e+00  -2.4107e+00  2.7977e-04  3.6721e-01  ;...
   2.5119e-04  1.0787e+00  3.0912e+00  -9.2956e+00  -2.4107e+00  2.8925e-04  3.6721e-01  ;...
   2.5954e-04  1.0787e+00  3.0912e+00  -9.2956e+00  -2.4107e+00  2.9876e-04  3.6721e-01  ;...
   2.6800e-04  1.0787e+00  3.0912e+00  -9.2956e+00  -2.4107e+00  3.0847e-04  3.6721e-01  ;...
   2.7657e-04  1.0787e+00  3.0912e+00  -9.2956e+00  -2.4107e+00  3.1835e-04  3.6721e-01  ;...
   2.8525e-04  1.0787e+00  3.0912e+00  -9.2956e+00  -2.4107e+00  3.2837e-04  3.6721e-01  ;...
   2.9403e-04  1.0787e+00  3.0912e+00  -9.2956e+00  -2.4107e+00  3.3850e-04  3.6721e-01  ;...
   3.0293e-04  1.0787e+00  3.0912e+00  -9.2956e+00  -2.4107e+00  3.4872e-04  3.6721e-01  ;...
   3.1193e-04  1.0787e+00  3.0912e+00  -9.2956e+00  -2.4107e+00  3.5917e-04  3.6721e-01  ;...
   3.2105e-04  1.0787e+00  3.0912e+00  -9.2956e+00  -2.4107e+00  3.6966e-04  3.6721e-01  ;...
   3.3029e-04  1.0787e+00  3.0912e+00  -9.2956e+00  -2.4107e+00  3.8019e-04  3.6721e-01  ;...
   3.3964e-04  1.0787e+00  3.0912e+00  -9.2956e+00  -2.4107e+00  3.9101e-04  3.6721e-01  ;...
   3.4911e-04  1.0787e+00  3.0912e+00  -9.2956e+00  -2.4107e+00  4.0196e-04  3.6721e-01  ;...
   3.5869e-04  1.0787e+00  3.0912e+00  -9.2956e+00  -2.4107e+00  4.1301e-04  3.6721e-01  ;...
   3.6840e-04  1.0787e+00  3.0912e+00  -9.2956e+00  -2.4107e+00  4.2414e-04  3.6721e-01  ;...
   3.7823e-04  1.0787e+00  3.0912e+00  -9.2956e+00  -2.4107e+00  4.3547e-04  3.6721e-01  ;...
   3.8819e-04  1.0787e+00  3.0912e+00  -9.2956e+00  -2.4107e+00  4.4696e-04  3.6721e-01  ;...
   3.9827e-04  1.0787e+00  3.0912e+00  -9.2956e+00  -2.4107e+00  4.5846e-04  3.6721e-01  ;...
   4.0847e-04  1.0787e+00  3.0912e+00  -9.2956e+00  -2.4107e+00  4.7021e-04  3.6721e-01  ;...
   4.1881e-04  1.0787e+00  3.0912e+00  -9.2956e+00  -2.4107e+00  4.8218e-04  3.6721e-01  ;...
   4.2927e-04  1.0787e+00  3.0912e+00  -9.2956e+00  -2.4107e+00  4.9421e-04  3.6721e-01  ;...
   4.3987e-04  1.0787e+00  3.0912e+00  -9.2956e+00  -2.4107e+00  5.0641e-04  3.6721e-01  ;...
   4.5060e-04  1.0787e+00  3.0912e+00  -9.2956e+00  -2.4107e+00  5.1875e-04  3.6721e-01  ;...
   4.6146e-04  1.0787e+00  3.0912e+00  -9.2956e+00  -2.4107e+00  5.3131e-04  3.6721e-01  ;...
   4.7246e-04  1.0787e+00  3.0912e+00  -9.2956e+00  -2.4107e+00  5.4397e-04  3.6721e-01  ;...
   4.8360e-04  1.0787e+00  3.0912e+00  -9.2956e+00  -2.4107e+00  5.5680e-04  3.6721e-01  ;...
   4.9488e-04  1.0787e+00  3.0912e+00  -9.2956e+00  -2.4107e+00  5.6978e-04  3.6721e-01  ;...
   5.0630e-04  1.0787e+00  3.0912e+00  -9.2956e+00  -2.4107e+00  5.8289e-04  3.6721e-01  ;...
   5.1787e-04  1.0788e+00  3.0912e+00  -9.2956e+00  -2.4107e+00  5.9619e-04  3.6721e-01  ;...
   5.2958e-04  1.0788e+00  3.0912e+00  -9.2956e+00  -2.4107e+00  6.0967e-04  3.6721e-01  ;...
   5.4144e-04  1.0788e+00  3.0912e+00  -9.2956e+00  -2.4107e+00  6.2330e-04  3.6721e-01  ;...
   5.5344e-04  1.0788e+00  3.0912e+00  -9.2956e+00  -2.4107e+00  6.3715e-04  3.6721e-01  ;...
   5.6560e-04  1.0788e+00  3.0912e+00  -9.2956e+00  -2.4107e+00  6.5118e-04  3.6721e-01  ;...
   5.7791e-04  1.0788e+00  3.0912e+00  -9.2956e+00  -2.4107e+00  6.6530e-04  3.6721e-01  ;...
   5.9038e-04  1.0788e+00  3.0912e+00  -9.2956e+00  -2.4107e+00  6.7972e-04  3.6721e-01  ;...
   6.0300e-04  1.0788e+00  3.0912e+00  -9.2956e+00  -2.4107e+00  6.9417e-04  3.6721e-01  ;...
   6.1578e-04  1.0788e+00  3.0912e+00  -9.2956e+00  -2.4107e+00  7.0896e-04  3.6721e-01  ;...
   6.2872e-04  1.0788e+00  3.0912e+00  -9.2956e+00  -2.4107e+00  7.2382e-04  3.6721e-01  ;...
   6.4183e-04  1.0788e+00  3.0912e+00  -9.2956e+00  -2.4107e+00  7.3889e-04  3.6721e-01  ;...
   6.5510e-04  1.0788e+00  3.0912e+00  -9.2956e+00  -2.4107e+00  7.5420e-04  3.6721e-01  ;...
   6.6853e-04  1.0788e+00  3.0912e+00  -9.2956e+00  -2.4107e+00  7.6967e-04  3.6721e-01  ;...
   6.8214e-04  1.0788e+00  3.0912e+00  -9.2956e+00  -2.4107e+00  7.8533e-04  3.6721e-01  ;...
   6.9592e-04  1.0788e+00  3.0912e+00  -9.2956e+00  -2.4107e+00  8.0117e-04  3.6721e-01  ;...
   7.0987e-04  1.0788e+00  3.0912e+00  -9.2956e+00  -2.4107e+00  8.1722e-04  3.6721e-01  ;...
   7.2399e-04  1.0788e+00  3.0912e+00  -9.2956e+00  -2.4107e+00  8.3354e-04  3.6721e-01  ;...
   7.3829e-04  1.0788e+00  3.0912e+00  -9.2956e+00  -2.4107e+00  8.4995e-04  3.6721e-01  ;...
   7.5278e-04  1.0788e+00  3.0912e+00  -9.2956e+00  -2.4107e+00  8.6663e-04  3.6721e-01  ;...
   7.6744e-04  1.0788e+00  3.0912e+00  -9.2956e+00  -2.4107e+00  8.8350e-04  3.6721e-01  ;...
   7.8229e-04  1.0788e+00  3.0912e+00  -9.2956e+00  -2.4107e+00  9.0064e-04  3.6721e-01  ;...
   7.9733e-04  1.0788e+00  3.0912e+00  -9.2956e+00  -2.4107e+00  9.1791e-04  3.6721e-01  ;...
   8.1255e-04  1.0788e+00  3.0912e+00  -9.2956e+00  -2.4107e+00  9.3547e-04  3.6721e-01  ;...
   8.2797e-04  1.0788e+00  3.0912e+00  -9.2956e+00  -2.4107e+00  9.5322e-04  3.6721e-01  ;...
   8.4358e-04  1.0788e+00  3.0912e+00  -9.2956e+00  -2.4107e+00  9.7120e-04  3.6721e-01  ;...
   8.5939e-04  1.0788e+00  3.0912e+00  -9.2956e+00  -2.4107e+00  9.8938e-04  3.6721e-01  ;...
   8.7540e-04  1.0788e+00  3.0912e+00  -9.2956e+00  -2.4107e+00  1.0078e-03  3.6721e-01  ;...
   8.9160e-04  1.0788e+00  3.0912e+00  -9.2956e+00  -2.4107e+00  1.0265e-03  3.6721e-01  ;...
   9.0802e-04  1.0788e+00  3.0912e+00  -9.2956e+00  -2.4107e+00  1.0454e-03  3.6721e-01  ;...
   9.2463e-04  1.0788e+00  3.0912e+00  -9.2956e+00  -2.4107e+00  1.0645e-03  3.6721e-01  ;...
   9.4146e-04  1.0788e+00  3.0912e+00  -9.2956e+00  -2.4107e+00  1.0838e-03  3.6721e-01  ;...
   9.5850e-04  1.0788e+00  3.0912e+00  -9.2956e+00  -2.4107e+00  1.1035e-03  3.6721e-01  ;...
   9.7575e-04  1.0788e+00  3.0912e+00  -9.2956e+00  -2.4107e+00  1.1234e-03  3.6721e-01  ;...
   9.9322e-04  1.0788e+00  3.0912e+00  -9.2956e+00  -2.4107e+00  1.1435e-03  3.6721e-01  ;...
   1.0109e-03  1.0788e+00  3.0912e+00  -9.2956e+00  -2.4107e+00  1.1638e-03  3.6721e-01  ;...
   1.0288e-03  1.0788e+00  3.0912e+00  -9.2956e+00  -2.4107e+00  1.1844e-03  3.6721e-01  ;...
   1.0470e-03  1.0788e+00  3.0912e+00  -9.2956e+00  -2.4107e+00  1.2053e-03  3.6721e-01  ;...
   1.0653e-03  1.0788e+00  3.0912e+00  -9.2956e+00  -2.4107e+00  1.2265e-03  3.6721e-01  ;...
   1.0839e-03  1.0788e+00  3.0912e+00  -9.2956e+00  -2.4107e+00  1.2479e-03  3.6721e-01  ;...
   1.1028e-03  1.0788e+00  3.0912e+00  -9.2956e+00  -2.4107e+00  1.2695e-03  3.6721e-01  ;...
   1.1218e-03  1.0788e+00  3.0912e+00  -9.2956e+00  -2.4107e+00  1.2915e-03  3.6721e-01  ;...
   1.1411e-03  1.0788e+00  3.0912e+00  -9.2956e+00  -2.4107e+00  1.3137e-03  3.6721e-01  ;...
   1.1607e-03  1.0788e+00  3.0912e+00  -9.2956e+00  -2.4107e+00  1.3363e-03  3.6721e-01  ;...
   1.1805e-03  1.0788e+00  3.0912e+00  -9.2956e+00  -2.4107e+00  1.3591e-03  3.6721e-01  ;...
   1.2005e-03  1.0788e+00  3.0912e+00  -9.2956e+00  -2.4107e+00  1.3821e-03  3.6721e-01  ;...
   1.2208e-03  1.0788e+00  3.0912e+00  -9.2956e+00  -2.4107e+00  1.4055e-03  3.6721e-01  ;...
   1.2414e-03  1.0788e+00  3.0912e+00  -9.2956e+00  -2.4107e+00  1.4291e-03  3.6721e-01  ;...
   1.2622e-03  1.0788e+00  3.0912e+00  -9.2956e+00  -2.4107e+00  1.4531e-03  3.6721e-01  ;...
   1.2833e-03  1.0788e+00  3.0912e+00  -9.2956e+00  -2.4107e+00  1.4774e-03  3.6721e-01  ;...
   1.3046e-03  1.0788e+00  3.0912e+00  -9.2956e+00  -2.4107e+00  1.5019e-03  3.6721e-01  ;...
   1.3262e-03  1.0788e+00  3.0912e+00  -9.2956e+00  -2.4107e+00  1.5268e-03  3.6721e-01  ;...
   1.3481e-03  1.0788e+00  3.0912e+00  -9.2956e+00  -2.4107e+00  1.5520e-03  3.6721e-01  ;...
   1.3702e-03  1.0788e+00  3.0912e+00  -9.2956e+00  -2.4107e+00  1.5775e-03  3.6721e-01  ;...
   1.3927e-03  1.0788e+00  3.0912e+00  -9.2956e+00  -2.4107e+00  1.6033e-03  3.6721e-01  ;...
   1.4154e-03  1.0788e+00  3.0912e+00  -9.2956e+00  -2.4107e+00  1.6295e-03  3.6721e-01  ;...
   1.4384e-03  1.0788e+00  3.0912e+00  -9.2956e+00  -2.4107e+00  1.6560e-03  3.6721e-01  ;...
   1.4617e-03  1.0788e+00  3.0912e+00  -9.2956e+00  -2.4107e+00  1.6828e-03  3.6721e-01  ;...
   1.4852e-03  1.0788e+00  3.0912e+00  -9.2956e+00  -2.4107e+00  1.7099e-03  3.6721e-01  ;...
   1.5091e-03  1.0788e+00  3.0912e+00  -9.2956e+00  -2.4107e+00  1.7374e-03  3.6721e-01  ;...
   1.5333e-03  1.0788e+00  3.0912e+00  -9.2956e+00  -2.4107e+00  1.7652e-03  3.6721e-01  ;...
   1.5578e-03  1.0788e+00  3.0912e+00  -9.2956e+00  -2.4107e+00  1.7934e-03  3.6721e-01  ;...
   1.5826e-03  1.0788e+00  3.0912e+00  -9.2956e+00  -2.4107e+00  1.8220e-03  3.6721e-01  ;...
   1.6077e-03  1.0788e+00  3.0912e+00  -9.2956e+00  -2.4107e+00  1.8509e-03  3.6721e-01  ;...
   1.6331e-03  1.0788e+00  3.0911e+00  -9.2956e+00  -2.4107e+00  1.8801e-03  3.6721e-01  ;...
   1.6588e-03  1.0788e+00  3.0911e+00  -9.2956e+00  -2.4107e+00  1.9097e-03  3.6721e-01  ;...
   1.6849e-03  1.0788e+00  3.0911e+00  -9.2956e+00  -2.4107e+00  1.9398e-03  3.6721e-01  ;...
   1.7113e-03  1.0788e+00  3.0911e+00  -9.2956e+00  -2.4107e+00  1.9701e-03  3.6721e-01  ;...
   1.7380e-03  1.0788e+00  3.0911e+00  -9.2956e+00  -2.4107e+00  2.0009e-03  3.6721e-01  ;...
   1.7651e-03  1.0788e+00  3.0911e+00  -9.2956e+00  -2.4107e+00  2.0320e-03  3.6721e-01  ;...
   1.7925e-03  1.0788e+00  3.0911e+00  -9.2956e+00  -2.4107e+00  2.0636e-03  3.6721e-01  ;...
   1.8202e-03  1.0788e+00  3.0911e+00  -9.2956e+00  -2.4107e+00  2.0955e-03  3.6721e-01  ;...
   1.8483e-03  1.0788e+00  3.0911e+00  -9.2956e+00  -2.4107e+00  2.1279e-03  3.6721e-01  ;...
   1.8767e-03  1.0788e+00  3.0911e+00  -9.2956e+00  -2.4107e+00  2.1606e-03  3.6721e-01  ;...
   1.9055e-03  1.0788e+00  3.0911e+00  -9.2956e+00  -2.4107e+00  2.1938e-03  3.6721e-01  ;...
   1.9347e-03  1.0788e+00  3.0911e+00  -9.2956e+00  -2.4107e+00  2.2273e-03  3.6721e-01  ;...
   1.9642e-03  1.0788e+00  3.0911e+00  -9.2956e+00  -2.4107e+00  2.2613e-03  3.6721e-01  ;...
   1.9942e-03  1.0788e+00  3.0911e+00  -9.2956e+00  -2.4107e+00  2.2958e-03  3.6721e-01  ;...
   2.0244e-03  1.0788e+00  3.0911e+00  -9.2956e+00  -2.4107e+00  2.3307e-03  3.6721e-01  ;...
   2.0551e-03  1.0788e+00  3.0911e+00  -9.2956e+00  -2.4107e+00  2.3659e-03  3.6721e-01  ;...
   2.0861e-03  1.0788e+00  3.0911e+00  -9.2956e+00  -2.4107e+00  2.4017e-03  3.6721e-01  ;...
   2.1176e-03  1.0788e+00  3.0911e+00  -9.2956e+00  -2.4107e+00  2.4379e-03  3.6721e-01  ;...
   2.1494e-03  1.0788e+00  3.0911e+00  -9.2956e+00  -2.4107e+00  2.4745e-03  3.6721e-01  ;...
   2.1816e-03  1.0788e+00  3.0911e+00  -9.2956e+00  -2.4107e+00  2.5116e-03  3.6721e-01  ;...
   2.2143e-03  1.0788e+00  3.0911e+00  -9.2956e+00  -2.4107e+00  2.5492e-03  3.6721e-01  ;...
   2.2473e-03  1.0788e+00  3.0911e+00  -9.2956e+00  -2.4107e+00  2.5872e-03  3.6721e-01  ;...
   2.2808e-03  1.0788e+00  3.0911e+00  -9.2956e+00  -2.4107e+00  2.6258e-03  3.6721e-01  ;...
   2.3147e-03  1.0788e+00  3.0911e+00  -9.2956e+00  -2.4107e+00  2.6648e-03  3.6721e-01  ;...
   2.3490e-03  1.0788e+00  3.0911e+00  -9.2956e+00  -2.4107e+00  2.7043e-03  3.6721e-01  ;...
   2.3837e-03  1.0788e+00  3.0911e+00  -9.2955e+00  -2.4107e+00  2.7443e-03  3.6721e-01  ;...
   2.4189e-03  1.0788e+00  3.0911e+00  -9.2955e+00  -2.4107e+00  2.7848e-03  3.6721e-01  ;...
   2.4545e-03  1.0788e+00  3.0911e+00  -9.2955e+00  -2.4107e+00  2.8258e-03  3.6721e-01  ;...
   2.4906e-03  1.0788e+00  3.0911e+00  -9.2955e+00  -2.4107e+00  2.8673e-03  3.6721e-01  ;...
   2.5271e-03  1.0788e+00  3.0911e+00  -9.2955e+00  -2.4107e+00  2.9094e-03  3.6721e-01  ;...
   2.5641e-03  1.0788e+00  3.0911e+00  -9.2955e+00  -2.4107e+00  2.9519e-03  3.6721e-01  ;...
   2.6016e-03  1.0788e+00  3.0911e+00  -9.2955e+00  -2.4107e+00  2.9951e-03  3.6721e-01  ;...
   2.6395e-03  1.0788e+00  3.0911e+00  -9.2955e+00  -2.4107e+00  3.0387e-03  3.6721e-01  ;...
   2.6779e-03  1.0788e+00  3.0911e+00  -9.2955e+00  -2.4107e+00  3.0829e-03  3.6721e-01  ;...
   2.7168e-03  1.0788e+00  3.0911e+00  -9.2955e+00  -2.4107e+00  3.1277e-03  3.6721e-01  ;...
   2.7561e-03  1.0788e+00  3.0911e+00  -9.2955e+00  -2.4107e+00  3.1730e-03  3.6721e-01  ;...
   2.7960e-03  1.0788e+00  3.0911e+00  -9.2955e+00  -2.4107e+00  3.2189e-03  3.6721e-01  ;...
   2.8364e-03  1.0788e+00  3.0911e+00  -9.2955e+00  -2.4107e+00  3.2654e-03  3.6721e-01  ;...
   2.8772e-03  1.0788e+00  3.0911e+00  -9.2955e+00  -2.4107e+00  3.3124e-03  3.6721e-01  ;...
   2.9186e-03  1.0788e+00  3.0911e+00  -9.2955e+00  -2.4107e+00  3.3601e-03  3.6721e-01  ;...
   2.9605e-03  1.0788e+00  3.0911e+00  -9.2955e+00  -2.4107e+00  3.4083e-03  3.6721e-01  ;...
   3.0030e-03  1.0789e+00  3.0911e+00  -9.2955e+00  -2.4107e+00  3.4572e-03  3.6721e-01  ;...
   3.0459e-03  1.0789e+00  3.0911e+00  -9.2955e+00  -2.4107e+00  3.5066e-03  3.6721e-01  ;...
   3.0894e-03  1.0789e+00  3.0911e+00  -9.2955e+00  -2.4107e+00  3.5567e-03  3.6721e-01  ;...
   3.1335e-03  1.0789e+00  3.0911e+00  -9.2955e+00  -2.4107e+00  3.6074e-03  3.6721e-01  ;...
   3.1781e-03  1.0789e+00  3.0911e+00  -9.2955e+00  -2.4107e+00  3.6588e-03  3.6721e-01  ;...
   3.2233e-03  1.0789e+00  3.0911e+00  -9.2955e+00  -2.4107e+00  3.7108e-03  3.6721e-01  ;...
   3.2690e-03  1.0789e+00  3.0911e+00  -9.2955e+00  -2.4107e+00  3.7635e-03  3.6721e-01  ;...
   3.3153e-03  1.0789e+00  3.0911e+00  -9.2955e+00  -2.4107e+00  3.8168e-03  3.6721e-01  ;...
   3.3622e-03  1.0789e+00  3.0911e+00  -9.2955e+00  -2.4107e+00  3.8708e-03  3.6721e-01  ;...
   3.4097e-03  1.0789e+00  3.0911e+00  -9.2955e+00  -2.4107e+00  3.9254e-03  3.6721e-01  ;...
   3.4578e-03  1.0789e+00  3.0911e+00  -9.2955e+00  -2.4107e+00  3.9808e-03  3.6721e-01  ;...
   3.5065e-03  1.0789e+00  3.0911e+00  -9.2955e+00  -2.4107e+00  4.0368e-03  3.6721e-01  ;...
   3.5558e-03  1.0789e+00  3.0911e+00  -9.2955e+00  -2.4107e+00  4.0936e-03  3.6721e-01  ;...
   3.6057e-03  1.0789e+00  3.0911e+00  -9.2955e+00  -2.4107e+00  4.1511e-03  3.6721e-01  ;...
   3.6563e-03  1.0789e+00  3.0911e+00  -9.2955e+00  -2.4107e+00  4.2093e-03  3.6721e-01  ;...
   3.7075e-03  1.0789e+00  3.0911e+00  -9.2955e+00  -2.4107e+00  4.2682e-03  3.6721e-01  ;...
   3.7593e-03  1.0789e+00  3.0911e+00  -9.2955e+00  -2.4107e+00  4.3279e-03  3.6721e-01  ;...
   3.8118e-03  1.0789e+00  3.0911e+00  -9.2955e+00  -2.4107e+00  4.3883e-03  3.6721e-01  ;...
   3.8649e-03  1.0789e+00  3.0911e+00  -9.2955e+00  -2.4107e+00  4.4494e-03  3.6721e-01  ;...
   3.9187e-03  1.0789e+00  3.0911e+00  -9.2955e+00  -2.4107e+00  4.5114e-03  3.6721e-01  ;...
   3.9732e-03  1.0789e+00  3.0911e+00  -9.2955e+00  -2.4107e+00  4.5741e-03  3.6721e-01  ;...
   4.0284e-03  1.0789e+00  3.0911e+00  -9.2955e+00  -2.4107e+00  4.6376e-03  3.6721e-01  ;...
   4.0843e-03  1.0789e+00  3.0911e+00  -9.2955e+00  -2.4107e+00  4.7020e-03  3.6721e-01  ;...
   4.1408e-03  1.0789e+00  3.0911e+00  -9.2955e+00  -2.4107e+00  4.7671e-03  3.6721e-01  ;...
   4.1981e-03  1.0790e+00  3.0911e+00  -9.2955e+00  -2.4107e+00  4.8330e-03  3.6721e-01  ;...
   4.2561e-03  1.0790e+00  3.0911e+00  -9.2955e+00  -2.4107e+00  4.8998e-03  3.6721e-01  ;...
   4.3148e-03  1.0790e+00  3.0911e+00  -9.2955e+00  -2.4107e+00  4.9674e-03  3.6721e-01  ;...
   4.3743e-03  1.0790e+00  3.0911e+00  -9.2955e+00  -2.4107e+00  5.0359e-03  3.6721e-01  ;...
   4.4345e-03  1.0790e+00  3.0911e+00  -9.2955e+00  -2.4107e+00  5.1052e-03  3.6721e-01  ;...
   4.4955e-03  1.0790e+00  3.0911e+00  -9.2955e+00  -2.4107e+00  5.1754e-03  3.6721e-01  ;...
   4.5573e-03  1.0790e+00  3.0911e+00  -9.2955e+00  -2.4107e+00  5.2465e-03  3.6721e-01  ;...
   4.6198e-03  1.0790e+00  3.0911e+00  -9.2955e+00  -2.4107e+00  5.3184e-03  3.6721e-01  ;...
   4.6831e-03  1.0790e+00  3.0911e+00  -9.2955e+00  -2.4107e+00  5.3913e-03  3.6721e-01  ;...
   4.7472e-03  1.0790e+00  3.0911e+00  -9.2955e+00  -2.4107e+00  5.4651e-03  3.6721e-01  ;...
   4.8121e-03  1.0790e+00  3.0911e+00  -9.2955e+00  -2.4107e+00  5.5398e-03  3.6721e-01  ;...
   4.8778e-03  1.0790e+00  3.0911e+00  -9.2955e+00  -2.4107e+00  5.6155e-03  3.6721e-01  ;...
   4.9444e-03  1.0790e+00  3.0911e+00  -9.2955e+00  -2.4107e+00  5.6921e-03  3.6721e-01  ;...
   5.0118e-03  1.0790e+00  3.0911e+00  -9.2955e+00  -2.4107e+00  5.7697e-03  3.6721e-01  ;...
   5.0800e-03  1.0790e+00  3.0911e+00  -9.2955e+00  -2.4107e+00  5.8482e-03  3.6721e-01  ;...
   5.1491e-03  1.0791e+00  3.0911e+00  -9.2955e+00  -2.4107e+00  5.9278e-03  3.6721e-01  ;...
   5.2191e-03  1.0791e+00  3.0911e+00  -9.2955e+00  -2.4107e+00  6.0083e-03  3.6721e-01  ;...
   5.2899e-03  1.0791e+00  3.0911e+00  -9.2955e+00  -2.4107e+00  6.0898e-03  3.6721e-01  ;...
   5.3616e-03  1.0791e+00  3.0911e+00  -9.2955e+00  -2.4107e+00  6.1724e-03  3.6721e-01  ;...
   5.4343e-03  1.0791e+00  3.0911e+00  -9.2955e+00  -2.4107e+00  6.2560e-03  3.6721e-01  ;...
   5.5078e-03  1.0791e+00  3.0911e+00  -9.2955e+00  -2.4107e+00  6.3407e-03  3.6721e-01  ;...
   5.5823e-03  1.0791e+00  3.0911e+00  -9.2955e+00  -2.4107e+00  6.4264e-03  3.6721e-01  ;...
   5.6577e-03  1.0791e+00  3.0911e+00  -9.2955e+00  -2.4107e+00  6.5132e-03  3.6721e-01  ;...
   5.7341e-03  1.0791e+00  3.0911e+00  -9.2955e+00  -2.4107e+00  6.6011e-03  3.6721e-01  ;...
   5.8114e-03  1.0791e+00  3.0911e+00  -9.2955e+00  -2.4107e+00  6.6901e-03  3.6721e-01  ;...
   5.8897e-03  1.0791e+00  3.0911e+00  -9.2955e+00  -2.4107e+00  6.7803e-03  3.6721e-01  ;...
   5.9690e-03  1.0792e+00  3.0911e+00  -9.2955e+00  -2.4107e+00  6.8715e-03  3.6721e-01  ;...
   6.0492e-03  1.0792e+00  3.0911e+00  -9.2955e+00  -2.4107e+00  6.9639e-03  3.6721e-01  ;...
   6.1305e-03  1.0792e+00  3.0911e+00  -9.2955e+00  -2.4107e+00  7.0575e-03  3.6721e-01  ;...
   6.2128e-03  1.0792e+00  3.0911e+00  -9.2955e+00  -2.4107e+00  7.1523e-03  3.6721e-01  ;...
   6.2962e-03  1.0792e+00  3.0911e+00  -9.2955e+00  -2.4107e+00  7.2482e-03  3.6721e-01  ;...
   6.3806e-03  1.0792e+00  3.0911e+00  -9.2955e+00  -2.4107e+00  7.3453e-03  3.6721e-01  ;...
   6.4660e-03  1.0792e+00  3.0911e+00  -9.2955e+00  -2.4107e+00  7.4437e-03  3.6721e-01  ;...
   6.5526e-03  1.0792e+00  3.0911e+00  -9.2955e+00  -2.4107e+00  7.5433e-03  3.6721e-01  ;...
   6.6402e-03  1.0793e+00  3.0911e+00  -9.2955e+00  -2.4107e+00  7.6442e-03  3.6721e-01  ;...
   6.7289e-03  1.0793e+00  3.0911e+00  -9.2955e+00  -2.4107e+00  7.7463e-03  3.6721e-01  ;...
   6.8187e-03  1.0793e+00  3.0911e+00  -9.2955e+00  -2.4107e+00  7.8497e-03  3.6721e-01  ;...
   6.9097e-03  1.0793e+00  3.0911e+00  -9.2955e+00  -2.4107e+00  7.9544e-03  3.6721e-01  ;...
   7.0018e-03  1.0793e+00  3.0911e+00  -9.2955e+00  -2.4107e+00  8.0604e-03  3.6721e-01  ;...
   7.0951e-03  1.0793e+00  3.0911e+00  -9.2955e+00  -2.4107e+00  8.1678e-03  3.6721e-01  ;...
   7.1895e-03  1.0793e+00  3.0911e+00  -9.2955e+00  -2.4107e+00  8.2765e-03  3.6721e-01  ;...
   7.2851e-03  1.0794e+00  3.0911e+00  -9.2955e+00  -2.4106e+00  8.3865e-03  3.6721e-01  ;...
   7.3820e-03  1.0794e+00  3.0911e+00  -9.2955e+00  -2.4106e+00  8.4980e-03  3.6721e-01  ;...
   7.4800e-03  1.0794e+00  3.0911e+00  -9.2955e+00  -2.4106e+00  8.6109e-03  3.6721e-01  ;...
   7.5793e-03  1.0794e+00  3.0911e+00  -9.2955e+00  -2.4106e+00  8.7251e-03  3.6721e-01  ;...
   7.6798e-03  1.0794e+00  3.0911e+00  -9.2955e+00  -2.4106e+00  8.8408e-03  3.6722e-01  ;...
   7.7816e-03  1.0794e+00  3.0911e+00  -9.2955e+00  -2.4106e+00  8.9580e-03  3.6722e-01  ;...
   7.8847e-03  1.0795e+00  3.0911e+00  -9.2954e+00  -2.4106e+00  9.0767e-03  3.6722e-01  ;...
   7.9891e-03  1.0795e+00  3.0911e+00  -9.2954e+00  -2.4106e+00  9.1968e-03  3.6722e-01  ;...
   8.0948e-03  1.0795e+00  3.0911e+00  -9.2954e+00  -2.4106e+00  9.3184e-03  3.6722e-01  ;...
   8.2018e-03  1.0795e+00  3.0911e+00  -9.2954e+00  -2.4106e+00  9.4416e-03  3.6722e-01  ;...
   8.3102e-03  1.0795e+00  3.0911e+00  -9.2954e+00  -2.4106e+00  9.5663e-03  3.6722e-01  ;...
   8.4199e-03  1.0796e+00  3.0911e+00  -9.2954e+00  -2.4106e+00  9.6926e-03  3.6722e-01  ;...
   8.5310e-03  1.0796e+00  3.0911e+00  -9.2954e+00  -2.4106e+00  9.8205e-03  3.6722e-01  ;...
   8.6435e-03  1.0796e+00  3.0911e+00  -9.2954e+00  -2.4106e+00  9.9500e-03  3.6722e-01  ;...
   8.7574e-03  1.0796e+00  3.0911e+00  -9.2954e+00  -2.4106e+00  1.0081e-02  3.6722e-01  ;...
   8.8728e-03  1.0797e+00  3.0911e+00  -9.2954e+00  -2.4106e+00  1.0214e-02  3.6722e-01  ;...
   8.9896e-03  1.0797e+00  3.0911e+00  -9.2954e+00  -2.4106e+00  1.0348e-02  3.6722e-01  ;...
   9.1078e-03  1.0797e+00  3.0911e+00  -9.2954e+00  -2.4106e+00  1.0484e-02  3.6722e-01  ;...
   9.2276e-03  1.0797e+00  3.0911e+00  -9.2954e+00  -2.4106e+00  1.0622e-02  3.6722e-01  ;...
   9.3489e-03  1.0798e+00  3.0911e+00  -9.2954e+00  -2.4106e+00  1.0762e-02  3.6722e-01  ;...
   9.4717e-03  1.0798e+00  3.0911e+00  -9.2954e+00  -2.4106e+00  1.0903e-02  3.6722e-01  ;...
   9.5960e-03  1.0798e+00  3.0911e+00  -9.2954e+00  -2.4106e+00  1.1046e-02  3.6722e-01  ;...
   9.7219e-03  1.0798e+00  3.0911e+00  -9.2954e+00  -2.4106e+00  1.1191e-02  3.6722e-01  ;...
   9.8494e-03  1.0799e+00  3.0911e+00  -9.2954e+00  -2.4106e+00  1.1338e-02  3.6722e-01  ;...
   9.9785e-03  1.0799e+00  3.0911e+00  -9.2954e+00  -2.4106e+00  1.1486e-02  3.6722e-01  ;...
   1.0109e-02  1.0799e+00  3.0911e+00  -9.2954e+00  -2.4106e+00  1.1637e-02  3.6722e-01  ;...
   1.0242e-02  1.0800e+00  3.0911e+00  -9.2954e+00  -2.4106e+00  1.1789e-02  3.6722e-01  ;...
   1.0376e-02  1.0800e+00  3.0911e+00  -9.2954e+00  -2.4105e+00  1.1943e-02  3.6722e-01  ;...
   1.0511e-02  1.0800e+00  3.0911e+00  -9.2954e+00  -2.4105e+00  1.2099e-02  3.6722e-01  ;...
   1.0649e-02  1.0801e+00  3.0911e+00  -9.2954e+00  -2.4105e+00  1.2258e-02  3.6722e-01  ;...
   1.0788e-02  1.0801e+00  3.0911e+00  -9.2953e+00  -2.4105e+00  1.2418e-02  3.6722e-01  ;...
   1.0929e-02  1.0801e+00  3.0911e+00  -9.2953e+00  -2.4105e+00  1.2580e-02  3.6722e-01  ;...
   1.1071e-02  1.0802e+00  3.0911e+00  -9.2953e+00  -2.4105e+00  1.2744e-02  3.6722e-01  ;...
   1.1216e-02  1.0802e+00  3.0911e+00  -9.2953e+00  -2.4105e+00  1.2910e-02  3.6722e-01  ;...
   1.1362e-02  1.0802e+00  3.0911e+00  -9.2953e+00  -2.4105e+00  1.3079e-02  3.6722e-01  ;...
   1.1510e-02  1.0803e+00  3.0911e+00  -9.2953e+00  -2.4105e+00  1.3249e-02  3.6722e-01  ;...
   1.1660e-02  1.0803e+00  3.0911e+00  -9.2953e+00  -2.4105e+00  1.3422e-02  3.6722e-01  ;...
   1.1812e-02  1.0804e+00  3.0911e+00  -9.2953e+00  -2.4105e+00  1.3596e-02  3.6722e-01  ;...
   1.1966e-02  1.0804e+00  3.0911e+00  -9.2953e+00  -2.4105e+00  1.3773e-02  3.6722e-01  ;...
   1.2122e-02  1.0805e+00  3.0911e+00  -9.2953e+00  -2.4105e+00  1.3952e-02  3.6722e-01  ;...
   1.2279e-02  1.0805e+00  3.0911e+00  -9.2953e+00  -2.4105e+00  1.4134e-02  3.6722e-01  ;...
   1.2439e-02  1.0805e+00  3.0911e+00  -9.2953e+00  -2.4105e+00  1.4317e-02  3.6722e-01  ;...
   1.2600e-02  1.0806e+00  3.0911e+00  -9.2953e+00  -2.4105e+00  1.4503e-02  3.6722e-01  ;...
   1.2764e-02  1.0806e+00  3.0911e+00  -9.2953e+00  -2.4104e+00  1.4692e-02  3.6722e-01  ;...
   1.2930e-02  1.0807e+00  3.0911e+00  -9.2953e+00  -2.4104e+00  1.4883e-02  3.6722e-01  ;...
   1.3098e-02  1.0807e+00  3.0911e+00  -9.2952e+00  -2.4104e+00  1.5076e-02  3.6722e-01  ;...
   1.3268e-02  1.0808e+00  3.0911e+00  -9.2952e+00  -2.4104e+00  1.5271e-02  3.6722e-01  ;...
   1.3440e-02  1.0808e+00  3.0911e+00  -9.2952e+00  -2.4104e+00  1.5469e-02  3.6723e-01  ;...
   1.3614e-02  1.0809e+00  3.0911e+00  -9.2952e+00  -2.4104e+00  1.5670e-02  3.6723e-01  ;...
   1.3790e-02  1.0810e+00  3.0911e+00  -9.2952e+00  -2.4104e+00  1.5873e-02  3.6723e-01  ;...
   1.3969e-02  1.0810e+00  3.0911e+00  -9.2952e+00  -2.4104e+00  1.6078e-02  3.6723e-01  ;...
   1.4150e-02  1.0811e+00  3.0911e+00  -9.2952e+00  -2.4104e+00  1.6286e-02  3.6723e-01  ;...
   1.4333e-02  1.0811e+00  3.0911e+00  -9.2952e+00  -2.4104e+00  1.6497e-02  3.6723e-01  ;...
   1.4519e-02  1.0812e+00  3.0911e+00  -9.2952e+00  -2.4104e+00  1.6710e-02  3.6723e-01  ;...
   1.4707e-02  1.0813e+00  3.0911e+00  -9.2952e+00  -2.4104e+00  1.6926e-02  3.6723e-01  ;...
   1.4897e-02  1.0813e+00  3.0911e+00  -9.2952e+00  -2.4103e+00  1.7145e-02  3.6723e-01  ;...
   1.5089e-02  1.0814e+00  3.0911e+00  -9.2951e+00  -2.4103e+00  1.7367e-02  3.6723e-01  ;...
   1.5284e-02  1.0815e+00  3.0911e+00  -9.2951e+00  -2.4103e+00  1.7591e-02  3.6723e-01  ;...
   1.5482e-02  1.0815e+00  3.0911e+00  -9.2951e+00  -2.4103e+00  1.7818e-02  3.6723e-01  ;...
   1.5682e-02  1.0816e+00  3.0911e+00  -9.2951e+00  -2.4103e+00  1.8048e-02  3.6723e-01  ;...
   1.5884e-02  1.0817e+00  3.0911e+00  -9.2951e+00  -2.4103e+00  1.8281e-02  3.6723e-01  ;...
   1.6089e-02  1.0817e+00  3.0911e+00  -9.2951e+00  -2.4103e+00  1.8517e-02  3.6723e-01  ;...
   1.6297e-02  1.0818e+00  3.0911e+00  -9.2951e+00  -2.4103e+00  1.8755e-02  3.6723e-01  ;...
   1.6507e-02  1.0819e+00  3.0911e+00  -9.2951e+00  -2.4103e+00  1.8997e-02  3.6723e-01  ;...
   1.6720e-02  1.0820e+00  3.0911e+00  -9.2951e+00  -2.4102e+00  1.9242e-02  3.6723e-01  ;...
   1.6935e-02  1.0821e+00  3.0911e+00  -9.2950e+00  -2.4102e+00  1.9490e-02  3.6723e-01  ;...
   1.7153e-02  1.0822e+00  3.0911e+00  -9.2950e+00  -2.4102e+00  1.9741e-02  3.6723e-01  ;...
   1.7374e-02  1.0822e+00  3.0911e+00  -9.2950e+00  -2.4102e+00  1.9995e-02  3.6724e-01  ;...
   1.7598e-02  1.0823e+00  3.0911e+00  -9.2950e+00  -2.4102e+00  2.0252e-02  3.6724e-01  ;...
   1.7825e-02  1.0824e+00  3.0911e+00  -9.2950e+00  -2.4102e+00  2.0512e-02  3.6724e-01  ;...
   1.8054e-02  1.0825e+00  3.0911e+00  -9.2950e+00  -2.4102e+00  2.0776e-02  3.6724e-01  ;...
   1.8286e-02  1.0826e+00  3.0911e+00  -9.2950e+00  -2.4101e+00  2.1043e-02  3.6724e-01  ;...
   1.8522e-02  1.0827e+00  3.0911e+00  -9.2949e+00  -2.4101e+00  2.1314e-02  3.6724e-01  ;...
   1.8760e-02  1.0828e+00  3.0911e+00  -9.2949e+00  -2.4101e+00  2.1588e-02  3.6724e-01  ;...
   1.9001e-02  1.0829e+00  3.0911e+00  -9.2949e+00  -2.4101e+00  2.1865e-02  3.6724e-01  ;...
   1.9245e-02  1.0830e+00  3.0911e+00  -9.2949e+00  -2.4101e+00  2.2146e-02  3.6724e-01  ;...
   1.9492e-02  1.0831e+00  3.0911e+00  -9.2949e+00  -2.4101e+00  2.2430e-02  3.6724e-01  ;...
   1.9743e-02  1.0833e+00  3.0911e+00  -9.2949e+00  -2.4100e+00  2.2718e-02  3.6724e-01  ;...
   1.9996e-02  1.0834e+00  3.0911e+00  -9.2948e+00  -2.4100e+00  2.3009e-02  3.6724e-01  ;...
   2.0253e-02  1.0835e+00  3.0911e+00  -9.2948e+00  -2.4100e+00  2.3304e-02  3.6724e-01  ;...
   2.0513e-02  1.0836e+00  3.0911e+00  -9.2948e+00  -2.4100e+00  2.3603e-02  3.6725e-01  ;...
   2.0776e-02  1.0837e+00  3.0911e+00  -9.2948e+00  -2.4100e+00  2.3905e-02  3.6725e-01  ;...
   2.1043e-02  1.0839e+00  3.0911e+00  -9.2948e+00  -2.4099e+00  2.4212e-02  3.6725e-01  ;...
   2.1313e-02  1.0840e+00  3.0911e+00  -9.2947e+00  -2.4099e+00  2.4522e-02  3.6725e-01  ;...
   2.1586e-02  1.0841e+00  3.0911e+00  -9.2947e+00  -2.4099e+00  2.4836e-02  3.6725e-01  ;...
   2.1863e-02  1.0843e+00  3.0911e+00  -9.2947e+00  -2.4099e+00  2.5154e-02  3.6725e-01  ;...
   2.2143e-02  1.0844e+00  3.0911e+00  -9.2947e+00  -2.4099e+00  2.5476e-02  3.6725e-01  ;...
   2.2426e-02  1.0846e+00  3.0911e+00  -9.2946e+00  -2.4098e+00  2.5802e-02  3.6725e-01  ;...
   2.2714e-02  1.0847e+00  3.0911e+00  -9.2946e+00  -2.4098e+00  2.6132e-02  3.6725e-01  ;...
   2.3005e-02  1.0849e+00  3.0911e+00  -9.2946e+00  -2.4098e+00  2.6466e-02  3.6725e-01  ;...
   2.3299e-02  1.0850e+00  3.0911e+00  -9.2946e+00  -2.4098e+00  2.6805e-02  3.6726e-01  ;...
   2.3597e-02  1.0852e+00  3.0911e+00  -9.2945e+00  -2.4097e+00  2.7147e-02  3.6726e-01  ;...
   2.3900e-02  1.0854e+00  3.0910e+00  -9.2945e+00  -2.4097e+00  2.7494e-02  3.6726e-01  ;...
   2.4205e-02  1.0855e+00  3.0910e+00  -9.2945e+00  -2.4097e+00  2.7845e-02  3.6726e-01  ;...
   2.4515e-02  1.0857e+00  3.0910e+00  -9.2945e+00  -2.4097e+00  2.8201e-02  3.6726e-01  ;...
   2.4829e-02  1.0859e+00  3.0910e+00  -9.2944e+00  -2.4096e+00  2.8561e-02  3.6726e-01  ;...
   2.5146e-02  1.0861e+00  3.0910e+00  -9.2944e+00  -2.4096e+00  2.8926e-02  3.6726e-01  ;...
   2.5468e-02  1.0863e+00  3.0910e+00  -9.2944e+00  -2.4096e+00  2.9295e-02  3.6726e-01  ;...
   2.5793e-02  1.0865e+00  3.0910e+00  -9.2943e+00  -2.4095e+00  2.9669e-02  3.6727e-01  ;...
   2.6123e-02  1.0866e+00  3.0910e+00  -9.2943e+00  -2.4095e+00  3.0047e-02  3.6727e-01  ;...
   2.6456e-02  1.0869e+00  3.0910e+00  -9.2943e+00  -2.4095e+00  3.0431e-02  3.6727e-01  ;...
   2.6794e-02  1.0871e+00  3.0910e+00  -9.2943e+00  -2.4095e+00  3.0819e-02  3.6727e-01  ;...
   2.7137e-02  1.0873e+00  3.0910e+00  -9.2942e+00  -2.4094e+00  3.1212e-02  3.6727e-01  ;...
   2.7483e-02  1.0875e+00  3.0910e+00  -9.2942e+00  -2.4094e+00  3.1609e-02  3.6727e-01  ;...
   2.7834e-02  1.0877e+00  3.0910e+00  -9.2941e+00  -2.4093e+00  3.2012e-02  3.6728e-01  ;...
   2.8189e-02  1.0879e+00  3.0910e+00  -9.2941e+00  -2.4093e+00  3.2420e-02  3.6728e-01  ;...
   2.8549e-02  1.0882e+00  3.0910e+00  -9.2941e+00  -2.4093e+00  3.2833e-02  3.6728e-01  ;...
   2.8913e-02  1.0884e+00  3.0910e+00  -9.2940e+00  -2.4092e+00  3.3251e-02  3.6728e-01  ;...
   2.9282e-02  1.0887e+00  3.0910e+00  -9.2940e+00  -2.4092e+00  3.3674e-02  3.6728e-01  ;...
   2.9656e-02  1.0889e+00  3.0910e+00  -9.2940e+00  -2.4092e+00  3.4103e-02  3.6728e-01  ;...
   3.0034e-02  1.0892e+00  3.0910e+00  -9.2939e+00  -2.4091e+00  3.4537e-02  3.6729e-01  ;...
   3.0417e-02  1.0895e+00  3.0910e+00  -9.2939e+00  -2.4091e+00  3.4976e-02  3.6729e-01  ;...
   3.0805e-02  1.0897e+00  3.0910e+00  -9.2938e+00  -2.4090e+00  3.5421e-02  3.6729e-01  ;...
   3.1198e-02  1.0900e+00  3.0910e+00  -9.2938e+00  -2.4090e+00  3.5871e-02  3.6729e-01  ;...
   3.1595e-02  1.0903e+00  3.0910e+00  -9.2937e+00  -2.4090e+00  3.6327e-02  3.6729e-01  ;...
   3.1998e-02  1.0906e+00  3.0910e+00  -9.2937e+00  -2.4089e+00  3.6789e-02  3.6730e-01  ;...
   3.2405e-02  1.0909e+00  3.0910e+00  -9.2936e+00  -2.4089e+00  3.7256e-02  3.6730e-01  ;...
   3.2818e-02  1.0912e+00  3.0910e+00  -9.2936e+00  -2.4088e+00  3.7730e-02  3.6730e-01  ;...
   3.3236e-02  1.0915e+00  3.0910e+00  -9.2935e+00  -2.4088e+00  3.8209e-02  3.6730e-01  ;...
   3.3660e-02  1.0919e+00  3.0909e+00  -9.2935e+00  -2.4087e+00  3.8694e-02  3.6731e-01  ;...
   3.4088e-02  1.0922e+00  3.0909e+00  -9.2934e+00  -2.4087e+00  3.9185e-02  3.6731e-01  ;...
   3.4522e-02  1.0925e+00  3.0909e+00  -9.2934e+00  -2.4086e+00  3.9682e-02  3.6731e-01  ;...
   3.4962e-02  1.0929e+00  3.0909e+00  -9.2933e+00  -2.4086e+00  4.0186e-02  3.6731e-01  ;...
   3.5406e-02  1.0932e+00  3.0909e+00  -9.2933e+00  -2.4085e+00  4.0696e-02  3.6732e-01  ;...
   3.5857e-02  1.0936e+00  3.0909e+00  -9.2932e+00  -2.4084e+00  4.1212e-02  3.6732e-01  ;...
   3.6313e-02  1.0940e+00  3.0909e+00  -9.2932e+00  -2.4084e+00  4.1735e-02  3.6732e-01  ;...
   3.6775e-02  1.0944e+00  3.0909e+00  -9.2931e+00  -2.4083e+00  4.2264e-02  3.6732e-01  ;...
   3.7243e-02  1.0948e+00  3.0909e+00  -9.2930e+00  -2.4083e+00  4.2799e-02  3.6733e-01  ;...
   3.7717e-02  1.0952e+00  3.0909e+00  -9.2930e+00  -2.4082e+00  4.3342e-02  3.6733e-01  ;...
   3.8196e-02  1.0956e+00  3.0909e+00  -9.2929e+00  -2.4081e+00  4.3891e-02  3.6733e-01  ;...
   3.8682e-02  1.0960e+00  3.0909e+00  -9.2928e+00  -2.4081e+00  4.4447e-02  3.6734e-01  ;...
   3.9174e-02  1.0965e+00  3.0909e+00  -9.2928e+00  -2.4080e+00  4.5009e-02  3.6734e-01  ;...
   3.9672e-02  1.0969e+00  3.0909e+00  -9.2927e+00  -2.4079e+00  4.5579e-02  3.6734e-01  ;...
   4.0176e-02  1.0974e+00  3.0909e+00  -9.2926e+00  -2.4079e+00  4.6156e-02  3.6735e-01  ;...
   4.0686e-02  1.0979e+00  3.0909e+00  -9.2925e+00  -2.4078e+00  4.6740e-02  3.6735e-01  ;...
   4.1203e-02  1.0984e+00  3.0908e+00  -9.2925e+00  -2.4077e+00  4.7331e-02  3.6735e-01  ;...
   4.1727e-02  1.0989e+00  3.0908e+00  -9.2924e+00  -2.4076e+00  4.7930e-02  3.6736e-01  ;...
   4.2257e-02  1.0994e+00  3.0908e+00  -9.2923e+00  -2.4076e+00  4.8536e-02  3.6736e-01  ;...
   4.2794e-02  1.0999e+00  3.0908e+00  -9.2922e+00  -2.4075e+00  4.9150e-02  3.6736e-01  ;...
   4.3337e-02  1.1004e+00  3.0908e+00  -9.2921e+00  -2.4074e+00  4.9771e-02  3.6737e-01  ;...
   4.3887e-02  1.1010e+00  3.0908e+00  -9.2920e+00  -2.4073e+00  5.0400e-02  3.6737e-01  ;...
   4.4445e-02  1.1015e+00  3.0908e+00  -9.2919e+00  -2.4072e+00  5.1036e-02  3.6738e-01  ;...
   4.5009e-02  1.1021e+00  3.0908e+00  -9.2918e+00  -2.4071e+00  5.1681e-02  3.6738e-01  ;...
   4.5580e-02  1.1027e+00  3.0908e+00  -9.2918e+00  -2.4070e+00  5.2333e-02  3.6738e-01  ;...
   4.6159e-02  1.1033e+00  3.0908e+00  -9.2917e+00  -2.4070e+00  5.2994e-02  3.6739e-01  ;...
   4.6745e-02  1.1040e+00  3.0908e+00  -9.2916e+00  -2.4069e+00  5.3663e-02  3.6739e-01  ;...
   4.7338e-02  1.1046e+00  3.0907e+00  -9.2915e+00  -2.4068e+00  5.4340e-02  3.6740e-01  ;...
   4.7938e-02  1.1052e+00  3.0907e+00  -9.2913e+00  -2.4067e+00  5.5025e-02  3.6740e-01  ;...
   4.8546e-02  1.1059e+00  3.0907e+00  -9.2912e+00  -2.4066e+00  5.5719e-02  3.6741e-01  ;...
   4.9162e-02  1.1066e+00  3.0907e+00  -9.2911e+00  -2.4065e+00  5.6421e-02  3.6741e-01  ;...
   4.9786e-02  1.1073e+00  3.0907e+00  -9.2910e+00  -2.4064e+00  5.7132e-02  3.6742e-01  ;...
   5.0417e-02  1.1080e+00  3.0907e+00  -9.2909e+00  -2.4062e+00  5.7852e-02  3.6742e-01  ;...
   5.1057e-02  1.1088e+00  3.0907e+00  -9.2908e+00  -2.4061e+00  5.8581e-02  3.6743e-01  ;...
   5.1704e-02  1.1095e+00  3.0907e+00  -9.2906e+00  -2.4060e+00  5.9318e-02  3.6744e-01  ;...
   5.2360e-02  1.1103e+00  3.0907e+00  -9.2905e+00  -2.4059e+00  6.0065e-02  3.6744e-01  ;...
   5.3023e-02  1.1111e+00  3.0906e+00  -9.2904e+00  -2.4058e+00  6.0821e-02  3.6745e-01  ;...
   5.3696e-02  1.1119e+00  3.0906e+00  -9.2903e+00  -2.4057e+00  6.1586e-02  3.6745e-01  ;...
   5.4376e-02  1.1128e+00  3.0906e+00  -9.2901e+00  -2.4055e+00  6.2361e-02  3.6746e-01  ;...
   5.5065e-02  1.1137e+00  3.0906e+00  -9.2900e+00  -2.4054e+00  6.3145e-02  3.6747e-01  ;...
   5.5763e-02  1.1145e+00  3.0906e+00  -9.2898e+00  -2.4053e+00  6.3939e-02  3.6747e-01  ;...
   5.6470e-02  1.1154e+00  3.0906e+00  -9.2897e+00  -2.4051e+00  6.4743e-02  3.6748e-01  ;...
   5.7185e-02  1.1164e+00  3.0906e+00  -9.2895e+00  -2.4050e+00  6.5556e-02  3.6749e-01  ;...
   5.7910e-02  1.1173e+00  3.0905e+00  -9.2894e+00  -2.4049e+00  6.6379e-02  3.6749e-01  ;...
   5.8643e-02  1.1183e+00  3.0905e+00  -9.2892e+00  -2.4047e+00  6.7213e-02  3.6750e-01  ;...
   5.9386e-02  1.1193e+00  3.0905e+00  -9.2891e+00  -2.4046e+00  6.8056e-02  3.6751e-01  ;...
   6.0138e-02  1.1203e+00  3.0905e+00  -9.2889e+00  -2.4044e+00  6.8910e-02  3.6751e-01  ;...
   6.0900e-02  1.1214e+00  3.0905e+00  -9.2887e+00  -2.4043e+00  6.9775e-02  3.6752e-01  ;...
   6.1671e-02  1.1224e+00  3.0905e+00  -9.2885e+00  -2.4041e+00  7.0650e-02  3.6753e-01  ;...
   6.2452e-02  1.1235e+00  3.0904e+00  -9.2884e+00  -2.4039e+00  7.1535e-02  3.6754e-01  ;...
   6.3243e-02  1.1247e+00  3.0904e+00  -9.2882e+00  -2.4038e+00  7.2432e-02  3.6755e-01  ;...
   6.4044e-02  1.1258e+00  3.0904e+00  -9.2880e+00  -2.4036e+00  7.3339e-02  3.6756e-01  ;...
   6.4854e-02  1.1270e+00  3.0904e+00  -9.2878e+00  -2.4034e+00  7.4257e-02  3.6756e-01  ;...
   6.5675e-02  1.1282e+00  3.0904e+00  -9.2876e+00  -2.4032e+00  7.5187e-02  3.6757e-01  ;...
   6.6507e-02  1.1295e+00  3.0903e+00  -9.2874e+00  -2.4031e+00  7.6127e-02  3.6758e-01  ;...
   6.7348e-02  1.1308e+00  3.0903e+00  -9.2872e+00  -2.4029e+00  7.7080e-02  3.6759e-01  ;...
   6.8201e-02  1.1321e+00  3.0903e+00  -9.2869e+00  -2.4027e+00  7.8043e-02  3.6760e-01  ;...
   6.9064e-02  1.1334e+00  3.0903e+00  -9.2867e+00  -2.4025e+00  7.9019e-02  3.6761e-01  ;...
   6.9938e-02  1.1348e+00  3.0903e+00  -9.2865e+00  -2.4023e+00  8.0006e-02  3.6762e-01  ;...
   7.0823e-02  1.1362e+00  3.0902e+00  -9.2862e+00  -2.4021e+00  8.1005e-02  3.6763e-01  ;...
   7.1719e-02  1.1376e+00  3.0902e+00  -9.2860e+00  -2.4019e+00  8.2016e-02  3.6764e-01  ;...
   7.2626e-02  1.1391e+00  3.0902e+00  -9.2857e+00  -2.4016e+00  8.3040e-02  3.6765e-01  ;...
   7.3545e-02  1.1406e+00  3.0902e+00  -9.2855e+00  -2.4014e+00  8.4076e-02  3.6767e-01  ;...
   7.4475e-02  1.1422e+00  3.0901e+00  -9.2852e+00  -2.4012e+00  8.5124e-02  3.6768e-01  ;...
   7.5417e-02  1.1438e+00  3.0901e+00  -9.2850e+00  -2.4010e+00  8.6185e-02  3.6769e-01  ;...
   7.6371e-02  1.1454e+00  3.0901e+00  -9.2847e+00  -2.4007e+00  8.7258e-02  3.6770e-01  ;...
   7.7337e-02  1.1471e+00  3.0901e+00  -9.2844e+00  -2.4005e+00  8.8345e-02  3.6771e-01  ;...
   7.8315e-02  1.1488e+00  3.0900e+00  -9.2841e+00  -2.4003e+00  8.9444e-02  3.6773e-01  ;...
   7.9305e-02  1.1506e+00  3.0900e+00  -9.2838e+00  -2.4000e+00  9.0557e-02  3.6774e-01  ;...
   8.0308e-02  1.1524e+00  3.0900e+00  -9.2835e+00  -2.3997e+00  9.1683e-02  3.6775e-01  ;...
   8.1323e-02  1.1542e+00  3.0899e+00  -9.2832e+00  -2.3995e+00  9.2822e-02  3.6777e-01  ;...
   8.2351e-02  1.1561e+00  3.0899e+00  -9.2828e+00  -2.3992e+00  9.3975e-02  3.6778e-01  ;...
   8.3392e-02  1.1580e+00  3.0899e+00  -9.2825e+00  -2.3989e+00  9.5141e-02  3.6780e-01  ;...
   8.4446e-02  1.1600e+00  3.0898e+00  -9.2822e+00  -2.3987e+00  9.6322e-02  3.6781e-01  ;...
   8.5514e-02  1.1620e+00  3.0898e+00  -9.2818e+00  -2.3984e+00  9.7516e-02  3.6783e-01  ;...
   8.6595e-02  1.1641e+00  3.0898e+00  -9.2815e+00  -2.3981e+00  9.8725e-02  3.6784e-01  ;...
   8.7689e-02  1.1662e+00  3.0897e+00  -9.2811e+00  -2.3978e+00  9.9948e-02  3.6786e-01  ;...
   8.8797e-02  1.1684e+00  3.0897e+00  -9.2807e+00  -2.3975e+00  1.0118e-01  3.6787e-01  ;...
   8.9919e-02  1.1707e+00  3.0897e+00  -9.2803e+00  -2.3972e+00  1.0244e-01  3.6789e-01  ;...
   9.1055e-02  1.1729e+00  3.0896e+00  -9.2799e+00  -2.3969e+00  1.0370e-01  3.6791e-01  ;...
   9.2206e-02  1.1753e+00  3.0896e+00  -9.2795e+00  -2.3965e+00  1.0498e-01  3.6793e-01  ;...
   9.3371e-02  1.1777e+00  3.0895e+00  -9.2791e+00  -2.3962e+00  1.0628e-01  3.6794e-01  ;...
   9.4551e-02  1.1802e+00  3.0895e+00  -9.2786e+00  -2.3959e+00  1.0759e-01  3.6796e-01  ;...
   9.5745e-02  1.1827e+00  3.0895e+00  -9.2782e+00  -2.3955e+00  1.0892e-01  3.6798e-01  ;...
   9.6955e-02  1.1853e+00  3.0894e+00  -9.2777e+00  -2.3952e+00  1.1026e-01  3.6800e-01  ;...
   9.8179e-02  1.1879e+00  3.0894e+00  -9.2772e+00  -2.3948e+00  1.1162e-01  3.6802e-01  ;...
   9.9420e-02  1.1906e+00  3.0893e+00  -9.2768e+00  -2.3944e+00  1.1299e-01  3.6804e-01  ;...
   1.0068e-01  1.1934e+00  3.0893e+00  -9.2762e+00  -2.3941e+00  1.1438e-01  3.6806e-01  ;...
   1.0195e-01  1.1962e+00  3.0892e+00  -9.2757e+00  -2.3937e+00  1.1579e-01  3.6809e-01  ;...
   1.0323e-01  1.1991e+00  3.0892e+00  -9.2752e+00  -2.3933e+00  1.1721e-01  3.6811e-01  ;...
   1.0454e-01  1.2021e+00  3.0891e+00  -9.2747e+00  -2.3929e+00  1.1865e-01  3.6813e-01  ;...
   1.0586e-01  1.2051e+00  3.0891e+00  -9.2741e+00  -2.3925e+00  1.2010e-01  3.6815e-01  ;...
   1.0719e-01  1.2083e+00  3.0890e+00  -9.2735e+00  -2.3921e+00  1.2158e-01  3.6818e-01  ;...
   1.0855e-01  1.2115e+00  3.0890e+00  -9.2729e+00  -2.3917e+00  1.2306e-01  3.6820e-01  ;...
   1.0992e-01  1.2147e+00  3.0889e+00  -9.2723e+00  -2.3912e+00  1.2457e-01  3.6823e-01  ;...
   1.1131e-01  1.2181e+00  3.0888e+00  -9.2717e+00  -2.3908e+00  1.2609e-01  3.6825e-01  ;...
   1.1271e-01  1.2215e+00  3.0888e+00  -9.2710e+00  -2.3903e+00  1.2763e-01  3.6828e-01  ;...
   1.1414e-01  1.2250e+00  3.0887e+00  -9.2704e+00  -2.3899e+00  1.2919e-01  3.6831e-01  ;...
   1.1558e-01  1.2286e+00  3.0886e+00  -9.2697e+00  -2.3894e+00  1.3076e-01  3.6834e-01  ;...
   1.1703e-01  1.2323e+00  3.0886e+00  -9.2690e+00  -2.3890e+00  1.3235e-01  3.6836e-01  ;...
   1.1851e-01  1.2361e+00  3.0885e+00  -9.2683e+00  -2.3885e+00  1.3396e-01  3.6839e-01  ;...
   1.2001e-01  1.2399e+00  3.0884e+00  -9.2675e+00  -2.3880e+00  1.3559e-01  3.6842e-01  ;...
   1.2152e-01  1.2439e+00  3.0884e+00  -9.2668e+00  -2.3875e+00  1.3724e-01  3.6845e-01  ;...
   1.2306e-01  1.2479e+00  3.0883e+00  -9.2660e+00  -2.3870e+00  1.3890e-01  3.6849e-01  ;...
   1.2461e-01  1.2520e+00  3.0882e+00  -9.2652e+00  -2.3865e+00  1.4058e-01  3.6852e-01  ;...
   1.2618e-01  1.2562e+00  3.0881e+00  -9.2643e+00  -2.3860e+00  1.4229e-01  3.6855e-01  ;...
   1.2777e-01  1.2606e+00  3.0881e+00  -9.2635e+00  -2.3854e+00  1.4400e-01  3.6859e-01  ;...
   1.2939e-01  1.2650e+00  3.0880e+00  -9.2626e+00  -2.3849e+00  1.4574e-01  3.6862e-01  ;...
   1.3102e-01  1.2695e+00  3.0879e+00  -9.2617e+00  -2.3844e+00  1.4750e-01  3.6866e-01  ;...
   1.3267e-01  1.2742e+00  3.0878e+00  -9.2608e+00  -2.3838e+00  1.4928e-01  3.6869e-01  ;...
   1.3435e-01  1.2789e+00  3.0877e+00  -9.2598e+00  -2.3832e+00  1.5107e-01  3.6873e-01  ;...
   1.3604e-01  1.2837e+00  3.0876e+00  -9.2588e+00  -2.3827e+00  1.5289e-01  3.6877e-01  ;...
   1.3776e-01  1.2887e+00  3.0875e+00  -9.2578e+00  -2.3821e+00  1.5472e-01  3.6881e-01  ;...
   1.3950e-01  1.2938e+00  3.0874e+00  -9.2567e+00  -2.3815e+00  1.5657e-01  3.6885e-01  ;...
   1.4126e-01  1.2990e+00  3.0873e+00  -9.2557e+00  -2.3809e+00  1.5845e-01  3.6889e-01  ;...
   1.4304e-01  1.3043e+00  3.0872e+00  -9.2545e+00  -2.3803e+00  1.6034e-01  3.6893e-01  ;...
   1.4484e-01  1.3097e+00  3.0871e+00  -9.2534e+00  -2.3797e+00  1.6225e-01  3.6898e-01  ;...
   1.4667e-01  1.3152e+00  3.0870e+00  -9.2522e+00  -2.3791e+00  1.6418e-01  3.6902e-01  ;...
   1.4852e-01  1.3209e+00  3.0869e+00  -9.2510e+00  -2.3784e+00  1.6613e-01  3.6907e-01  ;...
   1.5039e-01  1.3267e+00  3.0868e+00  -9.2497e+00  -2.3778e+00  1.6811e-01  3.6912e-01  ;...
   1.5229e-01  1.3326e+00  3.0867e+00  -9.2484e+00  -2.3772e+00  1.7010e-01  3.6916e-01  ;...
   1.5421e-01  1.3387e+00  3.0866e+00  -9.2471e+00  -2.3765e+00  1.7211e-01  3.6921e-01  ;...
   1.5616e-01  1.3449e+00  3.0864e+00  -9.2457e+00  -2.3759e+00  1.7414e-01  3.6926e-01  ;...
   1.5813e-01  1.3512e+00  3.0863e+00  -9.2443e+00  -2.3752e+00  1.7620e-01  3.6932e-01  ;...
   1.6012e-01  1.3577e+00  3.0862e+00  -9.2428e+00  -2.3745e+00  1.7827e-01  3.6937e-01  ;...
   1.6214e-01  1.3643e+00  3.0860e+00  -9.2413e+00  -2.3738e+00  1.8037e-01  3.6942e-01  ;...
   1.6418e-01  1.3711e+00  3.0859e+00  -9.2398e+00  -2.3732e+00  1.8248e-01  3.6948e-01  ;...
   1.6625e-01  1.3780e+00  3.0858e+00  -9.2382e+00  -2.3725e+00  1.8462e-01  3.6954e-01  ;...
   1.6835e-01  1.3851e+00  3.0856e+00  -9.2365e+00  -2.3718e+00  1.8677e-01  3.6960e-01  ;...
   1.7047e-01  1.3923e+00  3.0855e+00  -9.2348e+00  -2.3711e+00  1.8895e-01  3.6966e-01  ;...
   1.7262e-01  1.3996e+00  3.0853e+00  -9.2330e+00  -2.3704e+00  1.9115e-01  3.6972e-01  ;...
   1.7480e-01  1.4072e+00  3.0851e+00  -9.2312e+00  -2.3697e+00  1.9336e-01  3.6978e-01  ;...
   1.7700e-01  1.4148e+00  3.0850e+00  -9.2293e+00  -2.3690e+00  1.9560e-01  3.6985e-01  ;...
   1.7923e-01  1.4227e+00  3.0848e+00  -9.2274e+00  -2.3683e+00  1.9786e-01  3.6992e-01  ;...
   1.8149e-01  1.4307e+00  3.0846e+00  -9.2253e+00  -2.3675e+00  2.0014e-01  3.6998e-01  ;...
   1.8378e-01  1.4389e+00  3.0844e+00  -9.2233e+00  -2.3668e+00  2.0244e-01  3.7005e-01  ;...
   1.8610e-01  1.4472e+00  3.0843e+00  -9.2211e+00  -2.3661e+00  2.0476e-01  3.7013e-01  ;...
   1.8844e-01  1.4557e+00  3.0841e+00  -9.2189e+00  -2.3654e+00  2.0711e-01  3.7020e-01  ;...
   1.9082e-01  1.4644e+00  3.0839e+00  -9.2166e+00  -2.3647e+00  2.0947e-01  3.7028e-01  ;...
   1.9323e-01  1.4733e+00  3.0837e+00  -9.2143e+00  -2.3640e+00  2.1185e-01  3.7035e-01  ;...
   1.9566e-01  1.4823e+00  3.0835e+00  -9.2118e+00  -2.3633e+00  2.1425e-01  3.7043e-01  ;...
   1.9813e-01  1.4916e+00  3.0832e+00  -9.2093e+00  -2.3626e+00  2.1668e-01  3.7051e-01  ;...
   2.0063e-01  1.5010e+00  3.0830e+00  -9.2067e+00  -2.3619e+00  2.1912e-01  3.7060e-01  ;...
   2.0315e-01  1.5106e+00  3.0828e+00  -9.2040e+00  -2.3612e+00  2.2159e-01  3.7068e-01  ;...
   2.0571e-01  1.5204e+00  3.0826e+00  -9.2012e+00  -2.3605e+00  2.2407e-01  3.7077e-01  ;...
   2.0831e-01  1.5304e+00  3.0823e+00  -9.1983e+00  -2.3598e+00  2.2657e-01  3.7086e-01  ;...
   2.1093e-01  1.5406e+00  3.0821e+00  -9.1953e+00  -2.3591e+00  2.2910e-01  3.7095e-01  ;...
   2.1359e-01  1.5509e+00  3.0818e+00  -9.1923e+00  -2.3585e+00  2.3164e-01  3.7105e-01  ;...
   2.1628e-01  1.5615e+00  3.0815e+00  -9.1891e+00  -2.3578e+00  2.3420e-01  3.7115e-01  ;...
   2.1901e-01  1.5723e+00  3.0813e+00  -9.1858e+00  -2.3572e+00  2.3678e-01  3.7125e-01  ;...
   2.2177e-01  1.5833e+00  3.0810e+00  -9.1823e+00  -2.3566e+00  2.3938e-01  3.7135e-01  ;...
   2.2456e-01  1.5944e+00  3.0807e+00  -9.1788e+00  -2.3560e+00  2.4200e-01  3.7145e-01  ;...
   2.2739e-01  1.6058e+00  3.0804e+00  -9.1751e+00  -2.3554e+00  2.4463e-01  3.7156e-01  ;...
   2.3026e-01  1.6174e+00  3.0801e+00  -9.1713e+00  -2.3549e+00  2.4729e-01  3.7167e-01  ;...
   2.3316e-01  1.6292e+00  3.0798e+00  -9.1674e+00  -2.3543e+00  2.4996e-01  3.7178e-01  ;...
   2.3610e-01  1.6412e+00  3.0794e+00  -9.1633e+00  -2.3538e+00  2.5265e-01  3.7190e-01  ;...
   2.3907e-01  1.6534e+00  3.0791e+00  -9.1591e+00  -2.3533e+00  2.5535e-01  3.7201e-01  ;...
   2.4209e-01  1.6659e+00  3.0788e+00  -9.1547e+00  -2.3529e+00  2.5808e-01  3.7214e-01  ;...
   2.4514e-01  1.6785e+00  3.0784e+00  -9.1502e+00  -2.3525e+00  2.6082e-01  3.7226e-01  ;...
   2.4822e-01  1.6914e+00  3.0780e+00  -9.1455e+00  -2.3521e+00  2.6357e-01  3.7239e-01  ;...
   2.5135e-01  1.7044e+00  3.0776e+00  -9.1407e+00  -2.3517e+00  2.6634e-01  3.7252e-01  ;...
   2.5452e-01  1.7177e+00  3.0772e+00  -9.1356e+00  -2.3514e+00  2.6912e-01  3.7265e-01  ;...
   2.5773e-01  1.7312e+00  3.0768e+00  -9.1304e+00  -2.3512e+00  2.7192e-01  3.7279e-01  ;...
   2.6097e-01  1.7449e+00  3.0764e+00  -9.1250e+00  -2.3510e+00  2.7473e-01  3.7293e-01  ;...
   2.6426e-01  1.7589e+00  3.0760e+00  -9.1194e+00  -2.3508e+00  2.7756e-01  3.7307e-01  ;...
   2.6759e-01  1.7730e+00  3.0755e+00  -9.1135e+00  -2.3507e+00  2.8040e-01  3.7322e-01  ;...
   2.7096e-01  1.7874e+00  3.0751e+00  -9.1075e+00  -2.3506e+00  2.8325e-01  3.7337e-01  ;...
   2.7437e-01  1.8019e+00  3.0746e+00  -9.1012e+00  -2.3506e+00  2.8611e-01  3.7352e-01  ;...
   2.7783e-01  1.8167e+00  3.0741e+00  -9.0947e+00  -2.3507e+00  2.8898e-01  3.7368e-01  ;...
   2.8133e-01  1.8317e+00  3.0736e+00  -9.0880e+00  -2.3509e+00  2.9186e-01  3.7384e-01  ;...
   2.8487e-01  1.8469e+00  3.0731e+00  -9.0810e+00  -2.3511e+00  2.9475e-01  3.7401e-01  ;...
   2.8846e-01  1.8623e+00  3.0725e+00  -9.0737e+00  -2.3514e+00  2.9765e-01  3.7418e-01  ;...
   2.9210e-01  1.8779e+00  3.0720e+00  -9.0662e+00  -2.3517e+00  3.0055e-01  3.7435e-01  ;...
   2.9578e-01  1.8937e+00  3.0714e+00  -9.0583e+00  -2.3522e+00  3.0347e-01  3.7453e-01  ;...
   2.9950e-01  1.9097e+00  3.0708e+00  -9.0502e+00  -2.3528e+00  3.0638e-01  3.7471e-01  ;...
   3.0327e-01  1.9259e+00  3.0702e+00  -9.0418e+00  -2.3534e+00  3.0931e-01  3.7490e-01  ;...
   3.0709e-01  1.9423e+00  3.0696e+00  -9.0330e+00  -2.3542e+00  3.1223e-01  3.7509e-01  ;...
   3.1096e-01  1.9588e+00  3.0689e+00  -9.0239e+00  -2.3550e+00  3.1516e-01  3.7528e-01  ;...
   3.1488e-01  1.9756e+00  3.0683e+00  -9.0145e+00  -2.3560e+00  3.1809e-01  3.7548e-01  ;...
   3.1884e-01  1.9925e+00  3.0676e+00  -9.0047e+00  -2.3571e+00  3.2102e-01  3.7569e-01  ;...
   3.2286e-01  2.0096e+00  3.0668e+00  -8.9945e+00  -2.3584e+00  3.2395e-01  3.7590e-01  ;...
   3.2693e-01  2.0268e+00  3.0661e+00  -8.9840e+00  -2.3598e+00  3.2687e-01  3.7611e-01  ;...
   3.3104e-01  2.0442e+00  3.0653e+00  -8.9730e+00  -2.3613e+00  3.2980e-01  3.7633e-01  ;...
   3.3521e-01  2.0618e+00  3.0645e+00  -8.9616e+00  -2.3629e+00  3.3272e-01  3.7656e-01  ;...
   3.3943e-01  2.0794e+00  3.0637e+00  -8.9497e+00  -2.3648e+00  3.3563e-01  3.7678e-01  ;...
   3.4371e-01  2.0973e+00  3.0629e+00  -8.9375e+00  -2.3668e+00  3.3853e-01  3.7702e-01  ;...
   3.4804e-01  2.1152e+00  3.0620e+00  -8.9247e+00  -2.3689e+00  3.4143e-01  3.7726e-01  ;...
   3.5242e-01  2.1333e+00  3.0611e+00  -8.9114e+00  -2.3713e+00  3.4432e-01  3.7750e-01  ;...
   3.5686e-01  2.1514e+00  3.0602e+00  -8.8976e+00  -2.3738e+00  3.4719e-01  3.7775e-01  ;...
   3.6135e-01  2.1697e+00  3.0592e+00  -8.8833e+00  -2.3766e+00  3.5005e-01  3.7801e-01  ;...
   3.6590e-01  2.1880e+00  3.0582e+00  -8.8685e+00  -2.3795e+00  3.5289e-01  3.7827e-01  ;...
   3.7051e-01  2.2064e+00  3.0572e+00  -8.8530e+00  -2.3827e+00  3.5572e-01  3.7854e-01  ;...
   3.7518e-01  2.2249e+00  3.0561e+00  -8.8370e+00  -2.3861e+00  3.5853e-01  3.7881e-01  ;...
   3.7990e-01  2.2434e+00  3.0550e+00  -8.8204e+00  -2.3898e+00  3.6132e-01  3.7909e-01  ;...
   3.8468e-01  2.2619e+00  3.0539e+00  -8.8031e+00  -2.3937e+00  3.6408e-01  3.7938e-01  ;...
   3.8953e-01  2.2804e+00  3.0527e+00  -8.7851e+00  -2.3978e+00  3.6682e-01  3.7967e-01  ;...
   3.9443e-01  2.2990e+00  3.0515e+00  -8.7665e+00  -2.4023e+00  3.6953e-01  3.7996e-01  ;...
   3.9940e-01  2.3175e+00  3.0502e+00  -8.7471e+00  -2.4070e+00  3.7222e-01  3.8027e-01  ;...
   4.0443e-01  2.3360e+00  3.0489e+00  -8.7270e+00  -2.4121e+00  3.7487e-01  3.8057e-01  ;...
   4.0952e-01  2.3544e+00  3.0476e+00  -8.7062e+00  -2.4174e+00  3.7749e-01  3.8089e-01  ;...
   4.1468e-01  2.3728e+00  3.0462e+00  -8.6845e+00  -2.4231e+00  3.8008e-01  3.8121e-01  ;...
   4.1990e-01  2.3911e+00  3.0448e+00  -8.6621e+00  -2.4291e+00  3.8263e-01  3.8154e-01  ;...
   4.2519e-01  2.4093e+00  3.0433e+00  -8.6387e+00  -2.4355e+00  3.8514e-01  3.8187e-01  ;...
   4.3054e-01  2.4273e+00  3.0418e+00  -8.6145e+00  -2.4422e+00  3.8761e-01  3.8221e-01  ;...
   4.3596e-01  2.4452e+00  3.0402e+00  -8.5894e+00  -2.4493e+00  3.9003e-01  3.8255e-01  ;...
   4.4145e-01  2.4629e+00  3.0386e+00  -8.5634e+00  -2.4569e+00  3.9241e-01  3.8290e-01  ;...
   4.4701e-01  2.4804e+00  3.0369e+00  -8.5364e+00  -2.4648e+00  3.9473e-01  3.8326e-01  ;...
   4.5263e-01  2.4978e+00  3.0351e+00  -8.5084e+00  -2.4731e+00  3.9701e-01  3.8362e-01  ;...
   4.5833e-01  2.5148e+00  3.0333e+00  -8.4793e+00  -2.4819e+00  3.9923e-01  3.8399e-01  ;...
   4.6410e-01  2.5316e+00  3.0315e+00  -8.4492e+00  -2.4912e+00  4.0139e-01  3.8437e-01  ;...
   4.6995e-01  2.5482e+00  3.0295e+00  -8.4180e+00  -2.5009e+00  4.0349e-01  3.8475e-01  ;...
   4.7586e-01  2.5644e+00  3.0276e+00  -8.3857e+00  -2.5112e+00  4.0553e-01  3.8513e-01  ;...
   4.8185e-01  2.5802e+00  3.0255e+00  -8.3522e+00  -2.5219e+00  4.0751e-01  3.8552e-01  ;...
   4.8792e-01  2.5957e+00  3.0234e+00  -8.3175e+00  -2.5331e+00  4.0942e-01  3.8592e-01  ;...
   4.9406e-01  2.6109e+00  3.0212e+00  -8.2816e+00  -2.5449e+00  4.1126e-01  3.8632e-01  ;...
   5.0028e-01  2.6255e+00  3.0189e+00  -8.2444e+00  -2.5573e+00  4.1302e-01  3.8672e-01  ;...
   5.0658e-01  2.6398e+00  3.0166e+00  -8.2059e+00  -2.5702e+00  4.1471e-01  3.8713e-01  ;...
   5.1296e-01  2.6536e+00  3.0142e+00  -8.1661e+00  -2.5837e+00  4.1632e-01  3.8755e-01  ;...
   5.1941e-01  2.6668e+00  3.0117e+00  -8.1250e+00  -2.5978e+00  4.1785e-01  3.8796e-01  ;...
   5.2595e-01  2.6796e+00  3.0091e+00  -8.0824e+00  -2.6125e+00  4.1929e-01  3.8839e-01  ;...
   5.3257e-01  2.6917e+00  3.0065e+00  -8.0384e+00  -2.6279e+00  4.2065e-01  3.8881e-01  ;...
   5.3928e-01  2.7033e+00  3.0038e+00  -7.9930e+00  -2.6439e+00  4.2192e-01  3.8924e-01  ;...
   5.4607e-01  2.7143e+00  3.0009e+00  -7.9460e+00  -2.6606e+00  4.2309e-01  3.8966e-01  ;...
   5.5294e-01  2.7247e+00  2.9980e+00  -7.8976e+00  -2.6779e+00  4.2417e-01  3.9009e-01  ;...
   5.5990e-01  2.7343e+00  2.9950e+00  -7.8476e+00  -2.6960e+00  4.2515e-01  3.9052e-01  ;...
   5.6695e-01  2.7433e+00  2.9919e+00  -7.7960e+00  -2.7147e+00  4.2603e-01  3.9095e-01  ;...
   5.7408e-01  2.7516e+00  2.9887e+00  -7.7428e+00  -2.7341e+00  4.2681e-01  3.9138e-01  ;...
   5.8131e-01  2.7591e+00  2.9854e+00  -7.6880e+00  -2.7543e+00  4.2749e-01  3.9181e-01  ;...
   5.8863e-01  2.7658e+00  2.9820e+00  -7.6316e+00  -2.7752e+00  4.2805e-01  3.9224e-01  ;...
   5.9604e-01  2.7718e+00  2.9785e+00  -7.5735e+00  -2.7968e+00  4.2851e-01  3.9266e-01  ;...
   6.0354e-01  2.7769e+00  2.9748e+00  -7.5136e+00  -2.8192e+00  4.2886e-01  3.9308e-01  ;...
   6.1114e-01  2.7811e+00  2.9711e+00  -7.4521e+00  -2.8423e+00  4.2909e-01  3.9349e-01  ;...
   6.1883e-01  2.7845e+00  2.9672e+00  -7.3889e+00  -2.8662e+00  4.2920e-01  3.9389e-01  ;...
   6.2662e-01  2.7870e+00  2.9633e+00  -7.3239e+00  -2.8908e+00  4.2920e-01  3.9429e-01  ;...
   6.3450e-01  2.7886e+00  2.9592e+00  -7.2572e+00  -2.9161e+00  4.2908e-01  3.9468e-01  ;...
   6.4249e-01  2.7892e+00  2.9550e+00  -7.1888e+00  -2.9421e+00  4.2884e-01  3.9506e-01  ;...
   6.5058e-01  2.7889e+00  2.9506e+00  -7.1186e+00  -2.9689e+00  4.2847e-01  3.9542e-01  ;...
   6.5877e-01  2.7877e+00  2.9461e+00  -7.0467e+00  -2.9964e+00  4.2799e-01  3.9578e-01  ;...
   6.6706e-01  2.7854e+00  2.9415e+00  -6.9731e+00  -3.0246e+00  4.2738e-01  3.9611e-01  ;...
   6.7545e-01  2.7821e+00  2.9368e+00  -6.8977e+00  -3.0534e+00  4.2664e-01  3.9643e-01  ;...
   6.8395e-01  2.7779e+00  2.9319e+00  -6.8207e+00  -3.0829e+00  4.2577e-01  3.9673e-01  ;...
   6.9256e-01  2.7726e+00  2.9269e+00  -6.7420e+00  -3.1130e+00  4.2479e-01  3.9701e-01  ;...
   7.0128e-01  2.7663e+00  2.9217e+00  -6.6616e+00  -3.1436e+00  4.2367e-01  3.9726e-01  ;...
   7.1011e-01  2.7589e+00  2.9164e+00  -6.5796e+00  -3.1748e+00  4.2243e-01  3.9749e-01  ;...
   7.1904e-01  2.7505e+00  2.9110e+00  -6.4961e+00  -3.2065e+00  4.2106e-01  3.9768e-01  ;...
   7.2809e-01  2.7410e+00  2.9054e+00  -6.4111e+00  -3.2386e+00  4.1956e-01  3.9785e-01  ;...
   7.3726e-01  2.7305e+00  2.8996e+00  -6.3246e+00  -3.2711e+00  4.1794e-01  3.9798e-01  ;...
   7.4654e-01  2.7189e+00  2.8937e+00  -6.2367e+00  -3.3040e+00  4.1620e-01  3.9808e-01  ;...
   7.5593e-01  2.7063e+00  2.8876e+00  -6.1474e+00  -3.3370e+00  4.1433e-01  3.9813e-01  ;...
   7.6544e-01  2.6926e+00  2.8813e+00  -6.0569e+00  -3.3703e+00  4.1234e-01  3.9814e-01  ;...
   7.7508e-01  2.6778e+00  2.8749e+00  -5.9652e+00  -3.4036e+00  4.1023e-01  3.9811e-01  ;...
   7.8483e-01  2.6620e+00  2.8683e+00  -5.8725e+00  -3.4369e+00  4.0801e-01  3.9802e-01  ;...
   7.9471e-01  2.6451e+00  2.8615e+00  -5.7787e+00  -3.4701e+00  4.0567e-01  3.9788e-01  ;...
   8.0471e-01  2.6273e+00  2.8546e+00  -5.6841e+00  -3.5031e+00  4.0321e-01  3.9769e-01  ;...
   8.1484e-01  2.6083e+00  2.8475e+00  -5.5886e+00  -3.5357e+00  4.0065e-01  3.9743e-01  ;...
   8.2509e-01  2.5884e+00  2.8402e+00  -5.4926e+00  -3.5679e+00  3.9797e-01  3.9710e-01  ;...
   8.3548e-01  2.5674e+00  2.8327e+00  -5.3960e+00  -3.5995e+00  3.9520e-01  3.9671e-01  ;...
   8.4599e-01  2.5455e+00  2.8250e+00  -5.2991e+00  -3.6303e+00  3.9232e-01  3.9624e-01  ;...
   8.5664e-01  2.5226e+00  2.8171e+00  -5.2019e+00  -3.6603e+00  3.8934e-01  3.9570e-01  ;...
   8.6742e-01  2.4987e+00  2.8091e+00  -5.1046e+00  -3.6892e+00  3.8628e-01  3.9507e-01  ;...
   8.7833e-01  2.4738e+00  2.8009e+00  -5.0074e+00  -3.7169e+00  3.8312e-01  3.9436e-01  ;...
   8.8939e-01  2.4480e+00  2.7924e+00  -4.9105e+00  -3.7432e+00  3.7988e-01  3.9355e-01  ;...
   9.0058e-01  2.4213e+00  2.7838e+00  -4.8140e+00  -3.7680e+00  3.7656e-01  3.9265e-01  ;...
   9.1191e-01  2.3937e+00  2.7750e+00  -4.7180e+00  -3.7911e+00  3.7316e-01  3.9165e-01  ;...
   9.2339e-01  2.3652e+00  2.7659e+00  -4.6229e+00  -3.8122e+00  3.6969e-01  3.9055e-01  ;...
   9.3501e-01  2.3359e+00  2.7567e+00  -4.5287e+00  -3.8312e+00  3.6616e-01  3.8934e-01  ;...
   9.4677e-01  2.3057e+00  2.7473e+00  -4.4357e+00  -3.8480e+00  3.6256e-01  3.8802e-01  ;...
   9.5869e-01  2.2747e+00  2.7377e+00  -4.3440e+00  -3.8622e+00  3.5891e-01  3.8658e-01  ;...
   9.7075e-01  2.2430e+00  2.7278e+00  -4.2539e+00  -3.8738e+00  3.5521e-01  3.8502e-01  ;...
   9.8297e-01  2.2104e+00  2.7178e+00  -4.1655e+00  -3.8826e+00  3.5146e-01  3.8334e-01  ;...
   9.9534e-01  2.1772e+00  2.7075e+00  -4.0791e+00  -3.8883e+00  3.4767e-01  3.8154e-01  ;...
   1.0079e+00  2.1432e+00  2.6971e+00  -3.9948e+00  -3.8908e+00  3.4385e-01  3.7960e-01  ;...
   1.0205e+00  2.1086e+00  2.6864e+00  -3.9128e+00  -3.8899e+00  3.3999e-01  3.7753e-01  ;...
   1.0334e+00  2.0733e+00  2.6755e+00  -3.8333e+00  -3.8855e+00  3.3611e-01  3.7533e-01  ;...
   1.0464e+00  2.0375e+00  2.6644e+00  -3.7565e+00  -3.8776e+00  3.3220e-01  3.7299e-01  ;...
   1.0596e+00  2.0011e+00  2.6531e+00  -3.6826e+00  -3.8658e+00  3.2828e-01  3.7051e-01  ;...
   1.0729e+00  1.9641e+00  2.6416e+00  -3.6117e+00  -3.8503e+00  3.2435e-01  3.6789e-01  ;...
   1.0864e+00  1.9266e+00  2.6299e+00  -3.5439e+00  -3.8308e+00  3.2040e-01  3.6514e-01  ;...
   1.1001e+00  1.8887e+00  2.6180e+00  -3.4794e+00  -3.8075e+00  3.1646e-01  3.6225e-01  ;...
   1.1139e+00  1.8504e+00  2.6059e+00  -3.4182e+00  -3.7802e+00  3.1251e-01  3.5922e-01  ;...
   1.1279e+00  1.8118e+00  2.5935e+00  -3.3606e+00  -3.7491e+00  3.0856e-01  3.5605e-01  ;...
   1.1421e+00  1.7728e+00  2.5810e+00  -3.3064e+00  -3.7142e+00  3.0462e-01  3.5275e-01  ;...
   1.1565e+00  1.7336e+00  2.5682e+00  -3.2558e+00  -3.6757e+00  3.0068e-01  3.4932e-01  ;...
   1.1710e+00  1.6941e+00  2.5553e+00  -3.2087e+00  -3.6337e+00  2.9676e-01  3.4575e-01  ;...
   1.1858e+00  1.6545e+00  2.5422e+00  -3.1652e+00  -3.5884e+00  2.9285e-01  3.4207e-01  ;...
   1.2007e+00  1.6148e+00  2.5288e+00  -3.1251e+00  -3.5402e+00  2.8895e-01  3.3826e-01  ;...
   1.2158e+00  1.5750e+00  2.5153e+00  -3.0883e+00  -3.4893e+00  2.8506e-01  3.3434e-01  ;...
   1.2311e+00  1.5353e+00  2.5016e+00  -3.0546e+00  -3.4361e+00  2.8119e-01  3.3031e-01  ;...
   1.2466e+00  1.4955e+00  2.4876e+00  -3.0239e+00  -3.3811e+00  2.7734e-01  3.2618e-01  ;...
   1.2623e+00  1.4559e+00  2.4735e+00  -2.9959e+00  -3.3247e+00  2.7350e-01  3.2195e-01  ;...
   1.2782e+00  1.4164e+00  2.4592e+00  -2.9703e+00  -3.2674e+00  2.6968e-01  3.1763e-01  ;...
   1.2942e+00  1.3771e+00  2.4447e+00  -2.9467e+00  -3.2098e+00  2.6587e-01  3.1323e-01  ;...
   1.3105e+00  1.3381e+00  2.4301e+00  -2.9247e+00  -3.1523e+00  2.6208e-01  3.0876e-01  ;...
   1.3270e+00  1.2993e+00  2.4153e+00  -2.9040e+00  -3.0958e+00  2.5830e-01  3.0421e-01  ;...
   1.3437e+00  1.2609e+00  2.4003e+00  -2.8839e+00  -3.0406e+00  2.5453e-01  2.9961e-01  ;...
   1.3606e+00  1.2228e+00  2.3851e+00  -2.8640e+00  -2.9873e+00  2.5077e-01  2.9495e-01  ;...
   1.3777e+00  1.1852e+00  2.3698e+00  -2.8438e+00  -2.9365e+00  2.4703e-01  2.9025e-01  ;...
   1.3951e+00  1.1480e+00  2.3543e+00  -2.8227e+00  -2.8885e+00  2.4329e-01  2.8551e-01  ;...
   1.4126e+00  1.1113e+00  2.3386e+00  -2.8004e+00  -2.8437e+00  2.3956e-01  2.8073e-01  ;...
   1.4304e+00  1.0750e+00  2.3228e+00  -2.7763e+00  -2.8021e+00  2.3584e-01  2.7592e-01  ;...
   1.4484e+00  1.0394e+00  2.3069e+00  -2.7503e+00  -2.7636e+00  2.3213e-01  2.7109e-01  ;...
   1.4666e+00  1.0042e+00  2.2908e+00  -2.7220e+00  -2.7276e+00  2.2842e-01  2.6625e-01  ;...
   1.4851e+00  9.6966e-01  2.2746e+00  -2.6917e+00  -2.6935e+00  2.2473e-01  2.6139e-01  ;...
   1.5038e+00  9.3570e-01  2.2582e+00  -2.6598e+00  -2.6600e+00  2.2104e-01  2.5651e-01  ;...
   1.5227e+00  9.0236e-01  2.2418e+00  -2.6270e+00  -2.6270e+00  2.1736e-01  2.5164e-01  ;...
   1.5418e+00  8.6965e-01  2.2252e+00  -2.5943e+00  -2.5943e+00  2.1369e-01  2.4675e-01  ;...
   1.5612e+00  8.3759e-01  2.2085e+00  -2.5621e+00  -2.5621e+00  2.1003e-01  2.4187e-01  ;...
   1.5809e+00  8.0620e-01  2.1917e+00  -2.5303e+00  -2.5303e+00  2.0639e-01  2.3700e-01  ;...
   1.6008e+00  7.7549e-01  2.1747e+00  -2.4988e+00  -2.4988e+00  2.0276e-01  2.3213e-01  ;...
   1.6209e+00  7.4547e-01  2.1577e+00  -2.4678e+00  -2.4678e+00  1.9915e-01  2.2727e-01  ;...
   1.6413e+00  7.1616e-01  2.1406e+00  -2.4371e+00  -2.4371e+00  1.9556e-01  2.2242e-01  ;...
   1.6620e+00  6.8755e-01  2.1234e+00  -2.4068e+00  -2.4068e+00  1.9198e-01  2.1759e-01  ;...
   1.6829e+00  6.5966e-01  2.1061e+00  -2.3769e+00  -2.3769e+00  1.8843e-01  2.1279e-01  ;...
   1.7040e+00  6.3250e-01  2.0888e+00  -2.3474e+00  -2.3474e+00  1.8489e-01  2.0800e-01  ;...
   1.7255e+00  6.0606e-01  2.0713e+00  -2.3182e+00  -2.3182e+00  1.8137e-01  2.0325e-01  ;...
   1.7472e+00  5.8035e-01  2.0539e+00  -2.2894e+00  -2.2894e+00  1.7788e-01  1.9852e-01  ;...
   1.7692e+00  5.5537e-01  2.0363e+00  -2.2610e+00  -2.2610e+00  1.7441e-01  1.9382e-01  ;...
   1.7914e+00  5.3113e-01  2.0187e+00  -2.2329e+00  -2.2329e+00  1.7097e-01  1.8916e-01  ;...
   1.8140e+00  5.0760e-01  2.0011e+00  -2.2051e+00  -2.2051e+00  1.6755e-01  1.8453e-01  ;...
   1.8368e+00  4.8481e-01  1.9834e+00  -2.1777e+00  -2.1777e+00  1.6416e-01  1.7995e-01  ;...
   1.8599e+00  4.6273e-01  1.9657e+00  -2.1507e+00  -2.1507e+00  1.6080e-01  1.7540e-01  ;...
   1.8833e+00  4.4138e-01  1.9479e+00  -2.1239e+00  -2.1239e+00  1.5746e-01  1.7090e-01  ;...
   1.9070e+00  4.2073e-01  1.9301e+00  -2.0976e+00  -2.0976e+00  1.5415e-01  1.6645e-01  ;...
   1.9310e+00  4.0078e-01  1.9123e+00  -2.0715e+00  -2.0715e+00  1.5088e-01  1.6205e-01  ;...
   1.9553e+00  3.8153e-01  1.8945e+00  -2.0458e+00  -2.0458e+00  1.4763e-01  1.5769e-01  ;...
   1.9799e+00  3.6296e-01  1.8767e+00  -2.0203e+00  -2.0203e+00  1.4442e-01  1.5339e-01  ;...
   2.0048e+00  3.4506e-01  1.8589e+00  -1.9952e+00  -1.9952e+00  1.4124e-01  1.4914e-01  ;...
   2.0300e+00  3.2783e-01  1.8411e+00  -1.9704e+00  -1.9704e+00  1.3809e-01  1.4495e-01  ;...
   2.0555e+00  3.1126e-01  1.8234e+00  -1.9460e+00  -1.9460e+00  1.3497e-01  1.4082e-01  ;...
   2.0814e+00  2.9532e-01  1.8056e+00  -1.9218e+00  -1.9218e+00  1.3189e-01  1.3674e-01  ;...
   2.1076e+00  2.8002e-01  1.7878e+00  -1.8979e+00  -1.8979e+00  1.2885e-01  1.3273e-01  ;...
   2.1341e+00  2.6532e-01  1.7701e+00  -1.8743e+00  -1.8743e+00  1.2584e-01  1.2877e-01  ;...
   2.1610e+00  2.5123e-01  1.7524e+00  -1.8510e+00  -1.8510e+00  1.2287e-01  1.2488e-01  ;...
   2.1881e+00  2.3773e-01  1.7348e+00  -1.8280e+00  -1.8280e+00  1.1993e-01  1.2106e-01  ;...
   2.2157e+00  2.2480e-01  1.7172e+00  -1.8053e+00  -1.8053e+00  1.1703e-01  1.1729e-01  ;...
   2.2435e+00  2.1243e-01  1.6996e+00  -1.7829e+00  -1.7829e+00  1.1417e-01  1.1360e-01  ;...
   2.2718e+00  2.0061e-01  1.6821e+00  -1.7607e+00  -1.7607e+00  1.1134e-01  1.0997e-01  ;...
   2.3003e+00  1.8931e-01  1.6646e+00  -1.7389e+00  -1.7389e+00  1.0856e-01  1.0641e-01  ;...
   2.3293e+00  1.7853e-01  1.6473e+00  -1.7173e+00  -1.7173e+00  1.0581e-01  1.0291e-01  ;...
   2.3586e+00  1.6825e-01  1.6299e+00  -1.6959e+00  -1.6959e+00  1.0311e-01  9.9490e-02  ;...
   2.3883e+00  1.5845e-01  1.6127e+00  -1.6749e+00  -1.6749e+00  1.0044e-01  9.6134e-02  ;...
   2.4183e+00  1.4911e-01  1.5955e+00  -1.6540e+00  -1.6540e+00  9.7810e-02  9.2848e-02  ;...
   2.4487e+00  1.4023e-01  1.5784e+00  -1.6335e+00  -1.6335e+00  9.5223e-02  8.9632e-02  ;...
   2.4795e+00  1.3179e-01  1.5614e+00  -1.6132e+00  -1.6132e+00  9.2675e-02  8.6486e-02  ;...
   2.5107e+00  1.2377e-01  1.5444e+00  -1.5932e+00  -1.5932e+00  9.0168e-02  8.3411e-02  ;...
   2.5423e+00  1.1616e-01  1.5276e+00  -1.5734e+00  -1.5734e+00  8.7702e-02  8.0405e-02  ;...
   2.5743e+00  1.0894e-01  1.5108e+00  -1.5538e+00  -1.5538e+00  8.5277e-02  7.7470e-02  ;...
   2.6067e+00  1.0209e-01  1.4942e+00  -1.5345e+00  -1.5345e+00  8.2892e-02  7.4606e-02  ;...
   2.6395e+00  9.5610e-02  1.4776e+00  -1.5154e+00  -1.5154e+00  8.0549e-02  7.1812e-02  ;...
   2.6727e+00  8.9477e-02  1.4612e+00  -1.4966e+00  -1.4966e+00  7.8246e-02  6.9087e-02  ;...
   2.7063e+00  8.3677e-02  1.4448e+00  -1.4780e+00  -1.4780e+00  7.5985e-02  6.6433e-02  ;...
   2.7404e+00  7.8198e-02  1.4286e+00  -1.4597e+00  -1.4597e+00  7.3766e-02  6.3848e-02  ;...
   2.7748e+00  7.3025e-02  1.4124e+00  -1.4415e+00  -1.4415e+00  7.1587e-02  6.1332e-02  ;...
   2.8097e+00  6.8146e-02  1.3964e+00  -1.4236e+00  -1.4236e+00  6.9449e-02  5.8884e-02  ;...
   2.8451e+00  6.3546e-02  1.3805e+00  -1.4059e+00  -1.4059e+00  6.7353e-02  5.6505e-02  ;...
   2.8809e+00  5.9215e-02  1.3647e+00  -1.3885e+00  -1.3885e+00  6.5298e-02  5.4192e-02  ;...
   2.9171e+00  5.5139e-02  1.3491e+00  -1.3712e+00  -1.3712e+00  6.3283e-02  5.1947e-02  ;...
   2.9538e+00  5.1306e-02  1.3335e+00  -1.3542e+00  -1.3542e+00  6.1310e-02  4.9768e-02  ;...
   2.9910e+00  4.7704e-02  1.3181e+00  -1.3374e+00  -1.3374e+00  5.9377e-02  4.7655e-02  ;...
   3.0286e+00  4.4323e-02  1.3028e+00  -1.3207e+00  -1.3207e+00  5.7485e-02  4.5606e-02  ;...
   3.0667e+00  4.1151e-02  1.2876e+00  -1.3043e+00  -1.3043e+00  5.5633e-02  4.3621e-02  ;...
   3.1053e+00  3.8178e-02  1.2726e+00  -1.2881e+00  -1.2881e+00  5.3822e-02  4.1699e-02  ;...
   3.1444e+00  3.5394e-02  1.2577e+00  -1.2721e+00  -1.2721e+00  5.2050e-02  3.9839e-02  ;...
   3.1839e+00  3.2788e-02  1.2429e+00  -1.2563e+00  -1.2563e+00  5.0318e-02  3.8040e-02  ;...
   3.2240e+00  3.0351e-02  1.2283e+00  -1.2407e+00  -1.2407e+00  4.8626e-02  3.6302e-02  ;...
   3.2645e+00  2.8074e-02  1.2137e+00  -1.2253e+00  -1.2253e+00  4.6973e-02  3.4623e-02  ;...
   3.3056e+00  2.5949e-02  1.1994e+00  -1.2101e+00  -1.2101e+00  4.5358e-02  3.3002e-02  ;...
   3.3472e+00  2.3966e-02  1.1851e+00  -1.1950e+00  -1.1950e+00  4.3783e-02  3.1438e-02  ;...
   3.3893e+00  2.2118e-02  1.1710e+00  -1.1802e+00  -1.1802e+00  4.2245e-02  2.9930e-02  ;...
   3.4319e+00  2.0397e-02  1.1570e+00  -1.1655e+00  -1.1655e+00  4.0746e-02  2.8478e-02  ;...
   3.4751e+00  1.8795e-02  1.1432e+00  -1.1510e+00  -1.1510e+00  3.9284e-02  2.7079e-02  ;...
   3.5188e+00  1.7306e-02  1.1295e+00  -1.1367e+00  -1.1367e+00  3.7859e-02  2.5733e-02  ;...
   3.5631e+00  1.5922e-02  1.1159e+00  -1.1226e+00  -1.1226e+00  3.6472e-02  2.4439e-02  ;...
   3.6079e+00  1.4637e-02  1.1025e+00  -1.1087e+00  -1.1087e+00  3.5120e-02  2.3195e-02  ;...
   3.6533e+00  1.3446e-02  1.0892e+00  -1.0949e+00  -1.0949e+00  3.3805e-02  2.2000e-02  ;...
   3.6992e+00  1.2342e-02  1.0761e+00  -1.0813e+00  -1.0813e+00  3.2526e-02  2.0854e-02  ;...
   3.7458e+00  1.1319e-02  1.0630e+00  -1.0679e+00  -1.0679e+00  3.1281e-02  1.9754e-02  ;...
   3.7929e+00  1.0373e-02  1.0502e+00  -1.0546e+00  -1.0546e+00  3.0071e-02  1.8700e-02  ;...
   3.8406e+00  9.4985e-03  1.0374e+00  -1.0415e+00  -1.0415e+00  2.8896e-02  1.7690e-02  ;...
   3.8889e+00  8.6906e-03  1.0248e+00  -1.0286e+00  -1.0286e+00  2.7754e-02  1.6724e-02  ;...
   3.9379e+00  7.9450e-03  1.0123e+00  -1.0158e+00  -1.0158e+00  2.6646e-02  1.5799e-02  ;...
   3.9874e+00  7.2574e-03  1.0000e+00  -1.0032e+00  -1.0032e+00  2.5570e-02  1.4916e-02  ;...
   4.0376e+00  6.6238e-03  9.8781e-01  -9.9070e-01  -9.9070e-01  2.4527e-02  1.4072e-02  ;...
   4.0883e+00  6.0405e-03  9.7575e-01  -9.7839e-01  -9.7839e-01  2.3515e-02  1.3266e-02  ;...
   4.1398e+00  5.5040e-03  9.6382e-01  -9.6624e-01  -9.6624e-01  2.2535e-02  1.2498e-02  ;...
   4.1918e+00  5.0110e-03  9.5202e-01  -9.5423e-01  -9.5423e-01  2.1586e-02  1.1766e-02  ;...
   4.2446e+00  4.5582e-03  9.4036e-01  -9.4238e-01  -9.4238e-01  2.0666e-02  1.1068e-02  ;...
   4.2980e+00  4.1428e-03  9.2883e-01  -9.3067e-01  -9.3067e-01  1.9777e-02  1.0405e-02  ;...
   4.3520e+00  3.7620e-03  9.1743e-01  -9.1911e-01  -9.1911e-01  1.8917e-02  9.7735e-03  ;...
   4.4068e+00  3.4132e-03  9.0616e-01  -9.0769e-01  -9.0769e-01  1.8085e-02  9.1738e-03  ;...
   4.4622e+00  3.0941e-03  8.9502e-01  -8.9641e-01  -8.9641e-01  1.7281e-02  8.6043e-03  ;...
   4.5184e+00  2.8023e-03  8.8401e-01  -8.8528e-01  -8.8528e-01  1.6505e-02  8.0640e-03  ;...
   4.5752e+00  2.5358e-03  8.7313e-01  -8.7428e-01  -8.7428e-01  1.5755e-02  7.5518e-03  ;...
   4.6328e+00  2.2926e-03  8.6238e-01  -8.6342e-01  -8.6342e-01  1.5032e-02  7.0665e-03  ;...
   4.6910e+00  2.0708e-03  8.5175e-01  -8.5269e-01  -8.5269e-01  1.4335e-02  6.6072e-03  ;...
   4.7500e+00  1.8688e-03  8.4124e-01  -8.4210e-01  -8.4210e-01  1.3663e-02  6.1728e-03  ;...
   4.8098e+00  1.6849e-03  8.3086e-01  -8.3164e-01  -8.3164e-01  1.3016e-02  5.7623e-03  ;...
   4.8703e+00  1.5177e-03  8.2061e-01  -8.2130e-01  -8.2130e-01  1.2392e-02  5.3747e-03  ;...
   4.9316e+00  1.3657e-03  8.1047e-01  -8.1110e-01  -8.1110e-01  1.1793e-02  5.0090e-03  ;...
   4.9936e+00  1.2279e-03  8.0046e-01  -8.0102e-01  -8.0102e-01  1.1216e-02  4.6643e-03  ;...
   5.0564e+00  1.1028e-03  7.9056e-01  -7.9107e-01  -7.9107e-01  1.0661e-02  4.3397e-03  ;...
   5.1200e+00  9.8959e-04  7.8078e-01  -7.8125e-01  -7.8125e-01  1.0128e-02  4.0342e-03  ;...
   5.1844e+00  8.8709e-04  7.7112e-01  -7.7154e-01  -7.7154e-01  9.6167e-03  3.7469e-03  ;...
   5.2497e+00  7.9441e-04  7.6158e-01  -7.6196e-01  -7.6196e-01  9.1258e-03  3.4771e-03  ;...
   5.3157e+00  7.1070e-04  7.5215e-01  -7.5249e-01  -7.5249e-01  8.6550e-03  3.2238e-03  ;...
   5.3826e+00  6.3516e-04  7.4284e-01  -7.4314e-01  -7.4314e-01  8.2036e-03  2.9863e-03  ;...
   5.4503e+00  5.6706e-04  7.3364e-01  -7.3391e-01  -7.3391e-01  7.7713e-03  2.7638e-03  ;...
   5.5188e+00  5.0573e-04  7.2455e-01  -7.2479e-01  -7.2479e-01  7.3574e-03  2.5556e-03  ;...
   5.5883e+00  4.5056e-04  7.1557e-01  -7.1579e-01  -7.1579e-01  6.9613e-03  2.3608e-03  ;...
   5.6585e+00  4.0098e-04  7.0670e-01  -7.0689e-01  -7.0689e-01  6.5825e-03  2.1789e-03  ;...
   5.7297e+00  3.5647e-04  6.9794e-01  -6.9811e-01  -6.9811e-01  6.2206e-03  2.0090e-03  ;...
   5.8018e+00  3.1655e-04  6.8929e-01  -6.8944e-01  -6.8944e-01  5.8749e-03  1.8507e-03  ;...
   5.8748e+00  2.8079e-04  6.8074e-01  -6.8088e-01  -6.8088e-01  5.5449e-03  1.7032e-03  ;...
   5.9487e+00  2.4878e-04  6.7230e-01  -6.7242e-01  -6.7242e-01  5.2302e-03  1.5659e-03  ;...
   6.0235e+00  2.2018e-04  6.6396e-01  -6.6406e-01  -6.6406e-01  4.9302e-03  1.4382e-03  ;...
   6.0993e+00  1.9464e-04  6.5572e-01  -6.5581e-01  -6.5581e-01  4.6443e-03  1.3196e-03  ;...
   6.1760e+00  1.7185e-04  6.4758e-01  -6.4767e-01  -6.4767e-01  4.3722e-03  1.2096e-03  ;...
   6.2537e+00  1.5156e-04  6.3955e-01  -6.3962e-01  -6.3962e-01  4.1133e-03  1.1076e-03  ;...
   6.3324e+00  1.3350e-04  6.3161e-01  -6.3167e-01  -6.3167e-01  3.8672e-03  1.0132e-03  ;...
   6.4120e+00  1.1745e-04  6.2377e-01  -6.2383e-01  -6.2383e-01  3.6333e-03  9.2587e-04  ;...
   6.4927e+00  1.0320e-04  6.1603e-01  -6.1608e-01  -6.1608e-01  3.4112e-03  8.4516e-04  ;...
   6.5744e+00  9.0566e-05  6.0838e-01  -6.0842e-01  -6.0842e-01  3.2005e-03  7.7065e-04  ;...
   6.6571e+00  7.9378e-05  6.0083e-01  -6.0087e-01  -6.0087e-01  3.0007e-03  7.0196e-04  ;...
   6.7408e+00  6.9482e-05  5.9337e-01  -5.9340e-01  -5.9340e-01  2.8114e-03  6.3869e-04  ;...
   6.8256e+00  6.0740e-05  5.8600e-01  -5.8603e-01  -5.8603e-01  2.6322e-03  5.8048e-04  ;...
   6.9115e+00  5.3028e-05  5.7872e-01  -5.7875e-01  -5.7875e-01  2.4626e-03  5.2699e-04  ;...
   6.9984e+00  4.6234e-05  5.7154e-01  -5.7156e-01  -5.7156e-01  2.3023e-03  4.7788e-04  ;...
   7.0864e+00  4.0254e-05  5.6444e-01  -5.6446e-01  -5.6446e-01  2.1508e-03  4.3285e-04  ;...
   7.1756e+00  3.5000e-05  5.5743e-01  -5.5745e-01  -5.5745e-01  2.0078e-03  3.9162e-04  ;...
   7.2658e+00  3.0389e-05  5.5051e-01  -5.5052e-01  -5.5052e-01  1.8729e-03  3.5389e-04  ;...
   7.3572e+00  2.6349e-05  5.4367e-01  -5.4368e-01  -5.4368e-01  1.7458e-03  3.1943e-04  ;...
   7.4498e+00  2.2812e-05  5.3692e-01  -5.3693e-01  -5.3693e-01  1.6260e-03  2.8797e-04  ;...
   7.5435e+00  1.9722e-05  5.3025e-01  -5.3026e-01  -5.3026e-01  1.5132e-03  2.5930e-04  ;...
   7.6384e+00  1.7025e-05  5.2366e-01  -5.2367e-01  -5.2367e-01  1.4072e-03  2.3319e-04  ;...
   7.7345e+00  1.4675e-05  5.1716e-01  -5.1717e-01  -5.1717e-01  1.3076e-03  2.0946e-04  ;...
   7.8318e+00  1.2630e-05  5.1073e-01  -5.1074e-01  -5.1074e-01  1.2140e-03  1.8790e-04  ;...
   7.9303e+00  1.0853e-05  5.0439e-01  -5.0440e-01  -5.0440e-01  1.1262e-03  1.6835e-04  ;...
   8.0300e+00  9.3119e-06  4.9812e-01  -4.9813e-01  -4.9813e-01  1.0440e-03  1.5064e-04  ;...
   8.1310e+00  7.9769e-06  4.9194e-01  -4.9194e-01  -4.9194e-01  9.6688e-04  1.3462e-04  ;...
   8.2333e+00  6.8224e-06  4.8583e-01  -4.8583e-01  -4.8583e-01  8.9475e-04  1.2014e-04  ;...
   8.3369e+00  5.8256e-06  4.7979e-01  -4.7979e-01  -4.7979e-01  8.2730e-04  1.0708e-04  ;...
   8.4418e+00  4.9662e-06  4.7383e-01  -4.7383e-01  -4.7383e-01  7.6427e-04  9.5312e-05  ;...
   8.5480e+00  4.2266e-06  4.6795e-01  -4.6795e-01  -4.6795e-01  7.0544e-04  8.4721e-05  ;...
   8.6555e+00  3.5910e-06  4.6213e-01  -4.6213e-01  -4.6213e-01  6.5057e-04  7.5204e-05  ;...
   8.7644e+00  3.0458e-06  4.5639e-01  -4.5639e-01  -4.5639e-01  5.9944e-04  6.6663e-05  ;...
   8.8746e+00  2.5790e-06  4.5072e-01  -4.5072e-01  -4.5072e-01  5.5183e-04  5.9008e-05  ;...
   8.9862e+00  2.1798e-06  4.4512e-01  -4.4512e-01  -4.4512e-01  5.0754e-04  5.2159e-05  ;...
   9.0993e+00  1.8392e-06  4.3959e-01  -4.3960e-01  -4.3960e-01  4.6638e-04  4.6038e-05  ;...
   9.2137e+00  1.5490e-06  4.3413e-01  -4.3413e-01  -4.3413e-01  4.2816e-04  4.0576e-05  ;...
   9.3296e+00  1.3022e-06  4.2874e-01  -4.2874e-01  -4.2874e-01  3.9271e-04  3.5710e-05  ;...
   9.4470e+00  1.0927e-06  4.2341e-01  -4.2342e-01  -4.2342e-01  3.5985e-04  3.1380e-05  ;...
   9.5658e+00  9.1525e-07  4.1815e-01  -4.1816e-01  -4.1816e-01  3.2943e-04  2.7534e-05  ;...
   9.6862e+00  7.6514e-07  4.1296e-01  -4.1296e-01  -4.1296e-01  3.0129e-04  2.4123e-05  ;...
   9.8080e+00  6.3842e-07  4.0783e-01  -4.0783e-01  -4.0783e-01  2.7528e-04  2.1101e-05  ;...
   9.9314e+00  5.3166e-07  4.0276e-01  -4.0276e-01  -4.0276e-01  2.5127e-04  1.8429e-05  ;...
   1.0056e+01  4.4188e-07  3.9776e-01  -3.9776e-01  -3.9776e-01  2.2912e-04  1.6070e-05  ;...
   1.0183e+01  3.6653e-07  3.9282e-01  -3.9282e-01  -3.9282e-01  2.0872e-04  1.3991e-05  ;...
   1.0311e+01  3.0342e-07  3.8794e-01  -3.8794e-01  -3.8794e-01  1.8994e-04  1.2161e-05  ;...
   1.0441e+01  2.5066e-07  3.8312e-01  -3.8312e-01  -3.8312e-01  1.7267e-04  1.0553e-05  ;...
   1.0572e+01  2.0665e-07  3.7836e-01  -3.7836e-01  -3.7836e-01  1.5680e-04  9.1424e-06  ;...
   1.0705e+01  1.7001e-07  3.7366e-01  -3.7366e-01  -3.7366e-01  1.4225e-04  7.9071e-06  ;...
   1.0840e+01  1.3958e-07  3.6902e-01  -3.6902e-01  -3.6902e-01  1.2890e-04  6.8272e-06  ;...
   1.0976e+01  1.1434e-07  3.6443e-01  -3.6443e-01  -3.6443e-01  1.1668e-04  5.8846e-06  ;...
   1.1114e+01  9.3466e-08  3.5991e-01  -3.5991e-01  -3.5991e-01  1.0551e-04  5.0634e-06  ;...
   1.1254e+01  7.6235e-08  3.5544e-01  -3.5544e-01  -3.5544e-01  9.5298e-05  4.3491e-06  ;...
   1.1395e+01  6.2042e-08  3.5102e-01  -3.5102e-01  -3.5102e-01  8.5979e-05  3.7290e-06  ;...
   1.1539e+01  5.0378e-08  3.4666e-01  -3.4666e-01  -3.4666e-01  7.7483e-05  3.1915e-06  ;...
   1.1684e+01  4.0813e-08  3.4235e-01  -3.4235e-01  -3.4235e-01  6.9747e-05  2.7265e-06  ;...
   1.1831e+01  3.2989e-08  3.3810e-01  -3.3810e-01  -3.3810e-01  6.2710e-05  2.3250e-06  ;...
   1.1980e+01  2.6602e-08  3.3390e-01  -3.3390e-01  -3.3390e-01  5.6317e-05  1.9789e-06  ;...
   1.2130e+01  2.1401e-08  3.2975e-01  -3.2975e-01  -3.2975e-01  5.0516e-05  1.6811e-06  ;...
   1.2283e+01  1.7176e-08  3.2566e-01  -3.2566e-01  -3.2566e-01  4.5258e-05  1.4254e-06  ;...
   1.2437e+01  1.3752e-08  3.2161e-01  -3.2161e-01  -3.2161e-01  4.0498e-05  1.2063e-06  ;...
   1.2594e+01  1.0983e-08  3.1762e-01  -3.1762e-01  -3.1762e-01  3.6194e-05  1.0189e-06  ;...
   1.2752e+01  8.7500e-09  3.1367e-01  -3.1367e-01  -3.1367e-01  3.2307e-05  8.5883e-07  ;...
   1.2913e+01  6.9535e-09  3.0977e-01  -3.0977e-01  -3.0977e-01  2.8801e-05  7.2249e-07  ;...
   1.3075e+01  5.5119e-09  3.0593e-01  -3.0593e-01  -3.0593e-01  2.5643e-05  6.0656e-07  ;...
   1.3240e+01  4.3578e-09  3.0212e-01  -3.0212e-01  -3.0212e-01  2.2802e-05  5.0819e-07  ;...
   1.3406e+01  3.4365e-09  2.9837e-01  -2.9837e-01  -2.9837e-01  2.0249e-05  4.2488e-07  ;...
   1.3575e+01  2.7028e-09  2.9467e-01  -2.9467e-01  -2.9467e-01  1.7958e-05  3.5449e-07  ;...
   1.3745e+01  2.1200e-09  2.9100e-01  -2.9100e-01  -2.9100e-01  1.5905e-05  2.9513e-07  ;...
   1.3918e+01  1.6585e-09  2.8739e-01  -2.8739e-01  -2.8739e-01  1.4068e-05  2.4517e-07  ;...
   1.4093e+01  1.2938e-09  2.8382e-01  -2.8382e-01  -2.8382e-01  1.2426e-05  2.0323e-07  ;...
   1.4271e+01  1.0066e-09  2.8029e-01  -2.8029e-01  -2.8029e-01  1.0960e-05  1.6809e-07  ;...
   1.4450e+01  7.8089e-10  2.7681e-01  -2.7681e-01  -2.7681e-01  9.6536e-06  1.3872e-07  ;...
   1.4632e+01  6.0409e-10  2.7337e-01  -2.7337e-01  -2.7337e-01  8.4908e-06  1.1422e-07  ;...
   1.4816e+01  4.6598e-10  2.6998e-01  -2.6998e-01  -2.6998e-01  7.4574e-06  9.3827e-08  ;...
   1.5002e+01  3.5840e-10  2.6662e-01  -2.6662e-01  -2.6662e-01  6.5402e-06  7.6897e-08  ;...
   1.5191e+01  2.7484e-10  2.6331e-01  -2.6331e-01  -2.6331e-01  5.7274e-06  6.2875e-08  ;...
   1.5382e+01  2.1014e-10  2.6004e-01  -2.6004e-01  -2.6004e-01  5.0081e-06  5.1290e-08  ;...
   1.5576e+01  1.6018e-10  2.5681e-01  -2.5681e-01  -2.5681e-01  4.3725e-06  4.1735e-08  ;...
   1.5772e+01  1.2173e-10  2.5362e-01  -2.5362e-01  -2.5362e-01  3.8117e-06  3.3880e-08  ;...
   1.5970e+01  9.2222e-11  2.5047e-01  -2.5047e-01  -2.5047e-01  3.3177e-06  2.7436e-08  ;...
   1.6171e+01  6.9648e-11  2.4736e-01  -2.4736e-01  -2.4736e-01  2.8832e-06  2.2160e-08  ;...
   1.6374e+01  5.2433e-11  2.4428e-01  -2.4428e-01  -2.4428e-01  2.5016e-06  1.7854e-08  ;...
   1.6580e+01  3.9346e-11  2.4125e-01  -2.4125e-01  -2.4125e-01  2.1671e-06  1.4348e-08  ;...
   1.6789e+01  2.9429e-11  2.3825e-01  -2.3825e-01  -2.3825e-01  1.8742e-06  1.1502e-08  ;...
   1.7000e+01  2.1940e-11  2.3529e-01  -2.3529e-01  -2.3529e-01  1.6182e-06  9.1941e-09  ;...
   1.7214e+01  1.6302e-11  2.3237e-01  -2.3237e-01  -2.3237e-01  1.3949e-06  7.3313e-09  ;...
   1.7430e+01  1.2072e-11  2.2948e-01  -2.2948e-01  -2.2948e-01  1.2004e-06  5.8289e-09  ;...
   1.7650e+01  8.9086e-12  2.2663e-01  -2.2663e-01  -2.2663e-01  1.0312e-06  4.6233e-09  ;...
   1.7872e+01  6.5517e-12  2.2382e-01  -2.2382e-01  -2.2382e-01  8.8432e-07  3.6566e-09  ;...
   1.8096e+01  4.8014e-12  2.2104e-01  -2.2104e-01  -2.2104e-01  7.5704e-07  2.8818e-09  ;...
   1.8324e+01  3.5063e-12  2.1829e-01  -2.1829e-01  -2.1829e-01  6.4692e-07  2.2675e-09  ;...
   1.8555e+01  2.5513e-12  2.1558e-01  -2.1558e-01  -2.1558e-01  5.5184e-07  1.7785e-09  ;...
   1.8788e+01  1.8496e-12  2.1290e-01  -2.1290e-01  -2.1290e-01  4.6987e-07  1.3892e-09  ;...
   1.9024e+01  1.3360e-12  2.1026e-01  -2.1026e-01  -2.1026e-01  3.9934e-07  1.0828e-09  ;...
   1.9264e+01  9.6142e-13  2.0765e-01  -2.0765e-01  -2.0765e-01  3.3876e-07  8.4096e-10  ;...
   1.9506e+01  6.8925e-13  2.0507e-01  -2.0507e-01  -2.0507e-01  2.8683e-07  6.5365e-10  ;...
   1.9751e+01  4.9224e-13  2.0252e-01  -2.0252e-01  -2.0252e-01  2.4239e-07  5.0376e-10  ;...
   2.0000e+01  3.5018e-13  2.0000e-01  -2.0000e-01  -2.0000e-01  2.0445e-07  3.8750e-10  ;...
   2.0251e+01  2.4814e-13  1.9752e-01  -1.9752e-01  -1.9752e-01  1.7210e-07  2.9875e-10  ;...
   2.0506e+01  1.7514e-13  1.9506e-01  -1.9506e-01  -1.9506e-01  1.4458e-07  2.2920e-10  ;...
   2.0764e+01  1.2311e-13  1.9264e-01  -1.9264e-01  -1.9264e-01  1.2122e-07  1.7338e-10  ;...
   2.1025e+01  8.6191e-14  1.9025e-01  -1.9025e-01  -1.9025e-01  1.0143e-07  1.3317e-10  ;...
   2.1290e+01  6.0094e-14  1.8788e-01  -1.8788e-01  -1.8788e-01  8.4693e-08  1.0099e-10  ;...
   2.1557e+01  4.1723e-14  1.8555e-01  -1.8555e-01  -1.8555e-01  7.0570e-08  7.6540e-11  ;...
   2.1829e+01  2.8846e-14  1.8325e-01  -1.8325e-01  -1.8325e-01  5.8679e-08  5.7264e-11  ;...
   2.2103e+01  1.9858e-14  1.8097e-01  -1.8097e-01  -1.8097e-01  4.8685e-08  4.2980e-11  ;...
   2.2381e+01  1.3611e-14  1.7872e-01  -1.7872e-01  -1.7872e-01  4.0306e-08  3.1276e-11  ;...
   2.2663e+01  9.2885e-15  1.7650e-01  -1.7650e-01  -1.7650e-01  3.3297e-08  2.4269e-11  ;...
   2.2948e+01  6.3105e-15  1.7431e-01  -1.7431e-01  -1.7431e-01  2.7445e-08  1.7431e-11  ;...
   2.3236e+01  4.2679e-15  1.7214e-01  -1.7214e-01  -1.7214e-01  2.2571e-08  1.2911e-11  ;...
   2.3529e+01  2.8734e-15  1.7000e-01  -1.7000e-01  -1.7000e-01  1.8519e-08  1.0625e-11  ;...
   2.3825e+01  1.9256e-15  1.6789e-01  -1.6789e-01  -1.6789e-01  1.5160e-08  6.2960e-12  ;...
   2.4124e+01  1.2844e-15  1.6581e-01  -1.6581e-01  -1.6581e-01  1.2381e-08  6.2178e-12  ;...
   2.4428e+01  8.5264e-16  1.6375e-01  -1.6375e-01  -1.6375e-01  1.0089e-08  4.0937e-12  ;...
   2.4735e+01  5.6331e-16  1.6171e-01  -1.6171e-01  -1.6171e-01  8.1996e-09  2.0214e-12  ;...
   2.5046e+01  3.7036e-16  1.5970e-01  -1.5970e-01  -1.5970e-01  6.6483e-09  1.9963e-12  ;...
   2.5361e+01  2.4230e-16  1.5772e-01  -1.5772e-01  -1.5772e-01  5.3771e-09  1.9715e-12  ;...
   2.5680e+01  1.5774e-16  1.5576e-01  -1.5576e-01  -1.5576e-01  4.3399e-09  1.9470e-12  ;...
   2.6003e+01  1.0217e-16  1.5383e-01  -1.5383e-01  -1.5383e-01  3.4912e-09  0.0000e+00  ;...
   2.6330e+01  6.5836e-17  1.5192e-01  -1.5192e-01  -1.5192e-01  2.8039e-09  0.0000e+00  ;...
   2.6662e+01  4.2206e-17  1.5003e-01  -1.5003e-01  -1.5003e-01  2.2449e-09  0.0000e+00  ;...
   2.6997e+01  2.6915e-17  1.4816e-01  -1.4816e-01  -1.4816e-01  1.7917e-09  0.0000e+00  ;...
   2.7337e+01  1.7074e-17  1.4632e-01  -1.4632e-01  -1.4632e-01  1.4281e-09  0.0000e+00  ;...
   2.7680e+01  1.0772e-17  1.4451e-01  -1.4451e-01  -1.4451e-01  1.1332e-09  0.0000e+00  ;...
   2.8029e+01  6.7598e-18  1.4271e-01  -1.4271e-01  -1.4271e-01  8.9776e-10  0.0000e+00  ;...
   2.8381e+01  4.2185e-18  1.4094e-01  -1.4094e-01  -1.4094e-01  7.0929e-10  0.0000e+00  ;...
   2.8738e+01  2.6180e-18  1.3919e-01  -1.3919e-01  -1.3919e-01  5.5936e-10  0.0000e+00  ;...
   2.9100e+01  1.6155e-18  1.3746e-01  -1.3746e-01  -1.3746e-01  4.3992e-10  0.0000e+00  ;...
   2.9466e+01  9.9122e-19  1.3575e-01  -1.3575e-01  -1.3575e-01  3.4325e-10  0.0000e+00  ;...
   2.9836e+01  6.0466e-19  1.3406e-01  -1.3406e-01  -1.3406e-01  2.6857e-10  0.0000e+00  ;...
   3.0212e+01  3.6669e-19  1.3240e-01  -1.3240e-01  -1.3240e-01  2.0863e-10  0.0000e+00  ;...
   3.0592e+01  2.2106e-19  1.3075e-01  -1.3075e-01  -1.3075e-01  1.6291e-10  0.0000e+00  ;...
   3.0976e+01  1.3247e-19  1.2913e-01  -1.2913e-01  -1.2913e-01  1.2619e-10  0.0000e+00  ;...
   3.1366e+01  7.8895e-20  1.2753e-01  -1.2753e-01  -1.2753e-01  9.6580e-11  0.0000e+00  ;...
   3.1761e+01  4.6699e-20  1.2594e-01  -1.2594e-01  -1.2594e-01  7.5381e-11  0.0000e+00  ;...
   3.2160e+01  2.7470e-20  1.2438e-01  -1.2438e-01  -1.2438e-01  5.7733e-11  0.0000e+00  ;...
   3.2565e+01  1.6057e-20  1.2283e-01  -1.2283e-01  -1.2283e-01  4.3512e-11  0.0000e+00  ;...
   3.2974e+01  9.3255e-21  1.2131e-01  -1.2131e-01  -1.2131e-01  3.4081e-11  0.0000e+00  ;...
   3.3389e+01  5.3811e-21  1.1980e-01  -1.1980e-01  -1.1980e-01  2.4877e-11  0.0000e+00  ;...
   3.3809e+01  3.0847e-21  1.1831e-01  -1.1831e-01  -1.1831e-01  1.8787e-11  0.0000e+00  ;...
   3.4234e+01  1.7565e-21  1.1684e-01  -1.1684e-01  -1.1684e-01  1.4272e-11  0.0000e+00  ;...
   3.4665e+01  9.9352e-22  1.1539e-01  -1.1539e-01  -1.1539e-01  1.1276e-11  0.0000e+00  ;...
   3.5101e+01  5.5812e-22  1.1396e-01  -1.1396e-01  -1.1396e-01  8.3519e-12  0.0000e+00  ;...
   3.5542e+01  3.1138e-22  1.1254e-01  -1.1254e-01  -1.1254e-01  5.4988e-12  0.0000e+00  ;...
   3.5990e+01  1.7250e-22  1.1114e-01  -1.1114e-01  -1.1114e-01  4.0729e-12  0.0000e+00  ;...
   3.6442e+01  9.4893e-23  1.0976e-01  -1.0976e-01  -1.0976e-01  4.0223e-12  0.0000e+00  ;...
   3.6901e+01  5.1826e-23  1.0840e-01  -1.0840e-01  -1.0840e-01  2.6482e-12  0.0000e+00  ;...
   3.7365e+01  2.8100e-23  1.0705e-01  -1.0705e-01  -1.0705e-01  1.3077e-12  0.0000e+00  ;...
   3.7835e+01  1.5124e-23  1.0572e-01  -1.0572e-01  -1.0572e-01  1.2914e-12  0.0000e+00  ;...
   3.8311e+01  8.0798e-24  1.0441e-01  -1.0441e-01  -1.0441e-01  1.2754e-12  0.0000e+00  ;...
   3.8793e+01  4.2840e-24  1.0311e-01  -1.0311e-01  -1.0311e-01  1.2595e-12  0.0000e+00  ;...
   3.9281e+01  2.2541e-24  1.0183e-01  -1.0183e-01  -1.0183e-01  0.0000e+00  0.0000e+00  ;...
   3.9775e+01  1.1769e-24  1.0057e-01  -1.0057e-01  -1.0057e-01  0.0000e+00  0.0000e+00  ;...
   4.0275e+01  6.0970e-25  9.9317e-02  -9.9317e-02  -9.9317e-02  0.0000e+00  0.0000e+00  ;...
   4.0782e+01  3.1335e-25  9.8084e-02  -9.8084e-02  -9.8084e-02  0.0000e+00  0.0000e+00  ;...
   4.1295e+01  1.5976e-25  9.6865e-02  -9.6865e-02  -9.6865e-02  0.0000e+00  0.0000e+00  ;...
   4.1814e+01  8.0790e-26  9.5662e-02  -9.5662e-02  -9.5662e-02  0.0000e+00  0.0000e+00  ;...
   4.2340e+01  4.0520e-26  9.4473e-02  -9.4473e-02  -9.4473e-02  0.0000e+00  0.0000e+00  ;...
   4.2873e+01  2.0154e-26  9.3300e-02  -9.3300e-02  -9.3300e-02  0.0000e+00  0.0000e+00  ;...
   4.3412e+01  9.9401e-27  9.2141e-02  -9.2141e-02  -9.2141e-02  0.0000e+00  0.0000e+00  ;...
   4.3958e+01  4.8607e-27  9.0996e-02  -9.0996e-02  -9.0996e-02  0.0000e+00  0.0000e+00  ;...
   4.4511e+01  2.3564e-27  8.9866e-02  -8.9866e-02  -8.9866e-02  0.0000e+00  0.0000e+00  ;...
   4.5071e+01  1.1323e-27  8.8750e-02  -8.8750e-02  -8.8750e-02  0.0000e+00  0.0000e+00  ;...
   4.5638e+01  5.3933e-28  8.7647e-02  -8.7647e-02  -8.7647e-02  0.0000e+00  0.0000e+00  ;...
   4.6212e+01  2.5458e-28  8.6558e-02  -8.6558e-02  -8.6558e-02  0.0000e+00  0.0000e+00  ;...
   4.6793e+01  1.1908e-28  8.5483e-02  -8.5483e-02  -8.5483e-02  0.0000e+00  0.0000e+00  ;...
   4.7381e+01  5.5188e-29  8.4421e-02  -8.4421e-02  -8.4421e-02  0.0000e+00  0.0000e+00  ;...
   4.7977e+01  2.5339e-29  8.3372e-02  -8.3372e-02  -8.3372e-02  0.0000e+00  0.0000e+00  ;...
   4.8581e+01  1.1525e-29  8.2337e-02  -8.2337e-02  -8.2337e-02  0.0000e+00  0.0000e+00  ;...
   4.9192e+01  5.1918e-30  8.1314e-02  -8.1314e-02  -8.1314e-02  0.0000e+00  0.0000e+00  ;...
   4.9811e+01  2.3163e-30  8.0304e-02  -8.0304e-02  -8.0304e-02  0.0000e+00  0.0000e+00  ;...
   5.0437e+01  1.0233e-30  7.9306e-02  -7.9306e-02  -7.9306e-02  0.0000e+00  0.0000e+00  ;...
   5.1072e+01  4.4759e-31  7.8321e-02  -7.8321e-02  -7.8321e-02  0.0000e+00  0.0000e+00  ;...
   5.1714e+01  1.9382e-31  7.7348e-02  -7.7348e-02  -7.7348e-02  0.0000e+00  0.0000e+00  ;...
   5.2365e+01  8.3077e-32  7.6387e-02  -7.6387e-02  -7.6387e-02  0.0000e+00  0.0000e+00  ;...
   5.3023e+01  3.5244e-32  7.5438e-02  -7.5438e-02  -7.5438e-02  0.0000e+00  0.0000e+00  ;...
   5.3690e+01  1.4796e-32  7.4501e-02  -7.4501e-02  -7.4501e-02  0.0000e+00  0.0000e+00  ;...
   5.4366e+01  6.1461e-33  7.3576e-02  -7.3576e-02  -7.3576e-02  0.0000e+00  0.0000e+00  ;...
   5.5050e+01  2.5258e-33  7.2662e-02  -7.2662e-02  -7.2662e-02  0.0000e+00  0.0000e+00  ;...
   5.5742e+01  1.0268e-33  7.1759e-02  -7.1759e-02  -7.1759e-02  0.0000e+00  0.0000e+00  ;...
   5.6443e+01  4.1286e-34  7.0868e-02  -7.0868e-02  -7.0868e-02  0.0000e+00  0.0000e+00  ;...
   5.7153e+01  1.6417e-34  6.9987e-02  -6.9987e-02  -6.9987e-02  0.0000e+00  0.0000e+00  ;...
   5.7872e+01  6.4546e-35  6.9118e-02  -6.9118e-02  -6.9118e-02  0.0000e+00  0.0000e+00  ;...
   5.8600e+01  2.5090e-35  6.8259e-02  -6.8259e-02  -6.8259e-02  0.0000e+00  0.0000e+00  ;...
   5.9337e+01  9.6404e-36  6.7412e-02  -6.7412e-02  -6.7412e-02  0.0000e+00  0.0000e+00  ;...
   6.0083e+01  3.6611e-36  6.6574e-02  -6.6574e-02  -6.6574e-02  0.0000e+00  0.0000e+00  ;...
   6.0839e+01  1.3740e-36  6.5747e-02  -6.5747e-02  -6.5747e-02  0.0000e+00  0.0000e+00  ;...
   6.1604e+01  5.0950e-37  6.4930e-02  -6.4930e-02  -6.4930e-02  0.0000e+00  0.0000e+00  ;...
   6.2379e+01  1.8665e-37  6.4124e-02  -6.4124e-02  -6.4124e-02  0.0000e+00  0.0000e+00  ;...
   6.3164e+01  6.7540e-38  6.3327e-02  -6.3327e-02  -6.3327e-02  0.0000e+00  0.0000e+00  ;...
   6.3958e+01  2.4137e-38  6.2541e-02  -6.2541e-02  -6.2541e-02  0.0000e+00  0.0000e+00  ;...
   6.4763e+01  8.5177e-39  6.1764e-02  -6.1764e-02  -6.1764e-02  0.0000e+00  0.0000e+00  ;...
   6.5578e+01  2.9676e-39  6.0996e-02  -6.0996e-02  -6.0996e-02  0.0000e+00  0.0000e+00  ;...
   6.6402e+01  1.0207e-39  6.0239e-02  -6.0239e-02  -6.0239e-02  0.0000e+00  0.0000e+00  ;...
   6.7238e+01  3.4646e-40  5.9490e-02  -5.9490e-02  -5.9490e-02  0.0000e+00  0.0000e+00  ;...
   6.8083e+01  1.1606e-40  5.8751e-02  -5.8751e-02  -5.8751e-02  0.0000e+00  0.0000e+00  ;...
   6.8940e+01  3.8357e-41  5.8022e-02  -5.8022e-02  -5.8022e-02  0.0000e+00  0.0000e+00  ;...
   6.9807e+01  1.2506e-41  5.7301e-02  -5.7301e-02  -5.7301e-02  0.0000e+00  0.0000e+00  ;...
   7.0685e+01  4.0215e-42  5.6589e-02  -5.6589e-02  -5.6589e-02  0.0000e+00  0.0000e+00  ;...
   7.1574e+01  1.2753e-42  5.5886e-02  -5.5886e-02  -5.5886e-02  0.0000e+00  0.0000e+00  ;...
   7.2475e+01  3.9874e-43  5.5192e-02  -5.5192e-02  -5.5192e-02  0.0000e+00  0.0000e+00  ;...
   7.3386e+01  1.2290e-43  5.4506e-02  -5.4506e-02  -5.4506e-02  0.0000e+00  0.0000e+00  ;...
   7.4309e+01  3.7337e-44  5.3829e-02  -5.3829e-02  -5.3829e-02  0.0000e+00  0.0000e+00  ;...
   7.5244e+01  1.1177e-44  5.3160e-02  -5.3160e-02  -5.3160e-02  0.0000e+00  0.0000e+00  ;...
   7.6190e+01  3.2967e-45  5.2500e-02  -5.2500e-02  -5.2500e-02  0.0000e+00  0.0000e+00  ;...
   7.7149e+01  9.5785e-46  5.1848e-02  -5.1848e-02  -5.1848e-02  0.0000e+00  0.0000e+00  ;...
   7.8119e+01  2.7409e-46  5.1204e-02  -5.1204e-02  -5.1204e-02  0.0000e+00  0.0000e+00  ;...
   7.9102e+01  7.7230e-47  5.0568e-02  -5.0568e-02  -5.0568e-02  0.0000e+00  0.0000e+00  ;...
   8.0097e+01  2.1424e-47  4.9940e-02  -4.9940e-02  -4.9940e-02  0.0000e+00  0.0000e+00  ;...
   8.1104e+01  5.8497e-48  4.9319e-02  -4.9319e-02  -4.9319e-02  0.0000e+00  0.0000e+00  ;...
   8.2124e+01  1.5718e-48  4.8707e-02  -4.8707e-02  -4.8707e-02  0.0000e+00  0.0000e+00  ;...
   8.3157e+01  4.1557e-49  4.8102e-02  -4.8102e-02  -4.8102e-02  0.0000e+00  0.0000e+00  ;...
   8.4203e+01  1.0808e-49  4.7504e-02  -4.7504e-02  -4.7504e-02  0.0000e+00  0.0000e+00  ;...
   8.5263e+01  2.7644e-50  4.6914e-02  -4.6914e-02  -4.6914e-02  0.0000e+00  0.0000e+00  ;...
   8.6335e+01  6.9527e-51  4.6331e-02  -4.6331e-02  -4.6331e-02  0.0000e+00  0.0000e+00  ;...
   8.7421e+01  1.7191e-51  4.5756e-02  -4.5756e-02  -4.5756e-02  0.0000e+00  0.0000e+00  ;...
   8.8521e+01  4.1777e-52  4.5187e-02  -4.5187e-02  -4.5187e-02  0.0000e+00  0.0000e+00  ;...
   8.9634e+01  9.9763e-53  4.4626e-02  -4.4626e-02  -4.4626e-02  0.0000e+00  0.0000e+00  ;...
   9.0762e+01  2.3405e-53  4.4072e-02  -4.4072e-02  -4.4072e-02  0.0000e+00  0.0000e+00  ;...
   9.1903e+01  5.3934e-54  4.3524e-02  -4.3524e-02  -4.3524e-02  0.0000e+00  0.0000e+00  ;...
   9.3059e+01  1.2205e-54  4.2983e-02  -4.2983e-02  -4.2983e-02  0.0000e+00  0.0000e+00  ;...
   9.4230e+01  2.7114e-55  4.2449e-02  -4.2449e-02  -4.2449e-02  0.0000e+00  0.0000e+00  ;...
   9.5415e+01  5.9125e-56  4.1922e-02  -4.1922e-02  -4.1922e-02  0.0000e+00  0.0000e+00  ;...
   9.6615e+01  1.2652e-56  4.1401e-02  -4.1401e-02  -4.1401e-02  0.0000e+00  0.0000e+00  ;...
   9.7830e+01  2.6561e-57  4.0887e-02  -4.0887e-02  -4.0887e-02  0.0000e+00  0.0000e+00  ;...
   9.9061e+01  5.4693e-58  4.0379e-02  -4.0379e-02  -4.0379e-02  0.0000e+00  0.0000e+00  ;...
   1.0031e+02  1.1044e-58  3.9878e-02  -3.9878e-02  -3.9878e-02  0.0000e+00  0.0000e+00  ;...
   1.0157e+02  2.1861e-59  3.9382e-02  -3.9382e-02  -3.9382e-02  0.0000e+00  0.0000e+00  ;...
   1.0285e+02  4.2414e-60  3.8893e-02  -3.8893e-02  -3.8893e-02  0.0000e+00  0.0000e+00  ;...
   1.0414e+02  8.0633e-61  3.8410e-02  -3.8410e-02  -3.8410e-02  0.0000e+00  0.0000e+00  ;...
   1.0545e+02  1.5017e-61  3.7933e-02  -3.7933e-02  -3.7933e-02  0.0000e+00  0.0000e+00  ;...
   1.0678e+02  2.7389e-62  3.7461e-02  -3.7461e-02  -3.7461e-02  0.0000e+00  0.0000e+00  ;...
   1.0812e+02  4.8910e-63  3.6996e-02  -3.6996e-02  -3.6996e-02  0.0000e+00  0.0000e+00  ;...
   1.0948e+02  8.5494e-64  3.6537e-02  -3.6537e-02  -3.6537e-02  0.0000e+00  0.0000e+00  ;...
   1.1086e+02  1.4624e-64  3.6083e-02  -3.6083e-02  -3.6083e-02  0.0000e+00  0.0000e+00  ;...
   1.1225e+02  2.4472e-65  3.5634e-02  -3.5634e-02  -3.5634e-02  0.0000e+00  0.0000e+00  ;...
   1.1366e+02  4.0060e-66  3.5192e-02  -3.5192e-02  -3.5192e-02  0.0000e+00  0.0000e+00  ;...
   1.1509e+02  6.4266e-67  3.4755e-02  -3.4755e-02  -3.4755e-02  0.0000e+00  0.0000e+00  ;...
   1.1654e+02  1.0078e-67  3.4323e-02  -3.4323e-02  -3.4323e-02  0.0000e+00  0.0000e+00  ;...
   ];