data = [...
   3.1179e-05  1.4693e+00  8.6919e-01  -1.5295e+00  -2.1317e+00  1.5671e-06  6.0607e-01  ;...
   6.2750e-05  1.4693e+00  8.6919e-01  -1.5294e+00  -2.1317e+00  4.6719e-06  6.0607e-01  ;...
   9.4718e-05  1.4693e+00  8.6919e-01  -1.5293e+00  -2.1317e+00  6.7060e-06  6.0607e-01  ;...
   1.2709e-04  1.4693e+00  8.6919e-01  -1.5292e+00  -2.1317e+00  8.8426e-06  6.0607e-01  ;...
   1.5987e-04  1.4693e+00  8.6919e-01  -1.5291e+00  -2.1317e+00  1.1003e-05  6.0607e-01  ;...
   1.9306e-04  1.4693e+00  8.6919e-01  -1.5290e+00  -2.1317e+00  1.3161e-05  6.0607e-01  ;...
   2.2666e-04  1.4693e+00  8.6919e-01  -1.5289e+00  -2.1317e+00  1.5521e-05  6.0607e-01  ;...
   2.6069e-04  1.4693e+00  8.6919e-01  -1.5289e+00  -2.1317e+00  1.7805e-05  6.0607e-01  ;...
   2.9515e-04  1.4693e+00  8.6919e-01  -1.5288e+00  -2.1317e+00  2.0196e-05  6.0607e-01  ;...
   3.3004e-04  1.4693e+00  8.6919e-01  -1.5287e+00  -2.1317e+00  2.2502e-05  6.0607e-01  ;...
   3.6537e-04  1.4693e+00  8.6919e-01  -1.5286e+00  -2.1317e+00  2.5007e-05  6.0607e-01  ;...
   4.0115e-04  1.4693e+00  8.6919e-01  -1.5286e+00  -2.1317e+00  2.7405e-05  6.0607e-01  ;...
   4.3737e-04  1.4693e+00  8.6919e-01  -1.5285e+00  -2.1317e+00  2.9939e-05  6.0607e-01  ;...
   4.7405e-04  1.4693e+00  8.6919e-01  -1.5285e+00  -2.1317e+00  3.2467e-05  6.0607e-01  ;...
   5.1119e-04  1.4693e+00  8.6919e-01  -1.5284e+00  -2.1317e+00  3.4983e-05  6.0607e-01  ;...
   5.4880e-04  1.4693e+00  8.6919e-01  -1.5283e+00  -2.1317e+00  3.7571e-05  6.0607e-01  ;...
   5.8688e-04  1.4693e+00  8.6919e-01  -1.5283e+00  -2.1317e+00  4.0128e-05  6.0607e-01  ;...
   6.2545e-04  1.4693e+00  8.6919e-01  -1.5282e+00  -2.1317e+00  4.2810e-05  6.0607e-01  ;...
   6.6449e-04  1.4693e+00  8.6919e-01  -1.5281e+00  -2.1317e+00  4.5442e-05  6.0607e-01  ;...
   7.0403e-04  1.4693e+00  8.6919e-01  -1.5281e+00  -2.1317e+00  4.8164e-05  6.0607e-01  ;...
   7.4406e-04  1.4693e+00  8.6919e-01  -1.5280e+00  -2.1317e+00  5.0892e-05  6.0607e-01  ;...
   7.8460e-04  1.4693e+00  8.6919e-01  -1.5280e+00  -2.1317e+00  5.3680e-05  6.0607e-01  ;...
   8.2565e-04  1.4693e+00  8.6919e-01  -1.5279e+00  -2.1317e+00  5.6456e-05  6.0607e-01  ;...
   8.6721e-04  1.4693e+00  8.6919e-01  -1.5278e+00  -2.1317e+00  5.9328e-05  6.0607e-01  ;...
   9.0930e-04  1.4693e+00  8.6919e-01  -1.5278e+00  -2.1317e+00  6.2224e-05  6.0607e-01  ;...
   9.5192e-04  1.4693e+00  8.6919e-01  -1.5277e+00  -2.1317e+00  6.5136e-05  6.0607e-01  ;...
   9.9507e-04  1.4693e+00  8.6919e-01  -1.5277e+00  -2.1317e+00  6.8056e-05  6.0607e-01  ;...
   1.0388e-03  1.4693e+00  8.6919e-01  -1.5276e+00  -2.1317e+00  7.1073e-05  6.0607e-01  ;...
   1.0830e-03  1.4693e+00  8.6919e-01  -1.5276e+00  -2.1317e+00  7.4079e-05  6.0607e-01  ;...
   1.1278e-03  1.4693e+00  8.6919e-01  -1.5275e+00  -2.1317e+00  7.7158e-05  6.0607e-01  ;...
   1.1732e-03  1.4693e+00  8.6919e-01  -1.5274e+00  -2.1317e+00  8.0255e-05  6.0607e-01  ;...
   1.2191e-03  1.4693e+00  8.6919e-01  -1.5274e+00  -2.1317e+00  8.3404e-05  6.0607e-01  ;...
   1.2656e-03  1.4693e+00  8.6919e-01  -1.5273e+00  -2.1317e+00  8.6554e-05  6.0607e-01  ;...
   1.3127e-03  1.4693e+00  8.6919e-01  -1.5273e+00  -2.1317e+00  8.9776e-05  6.0607e-01  ;...
   1.3604e-03  1.4693e+00  8.6919e-01  -1.5272e+00  -2.1317e+00  9.3058e-05  6.0607e-01  ;...
   1.4087e-03  1.4693e+00  8.6919e-01  -1.5272e+00  -2.1317e+00  9.6354e-05  6.0607e-01  ;...
   1.4576e-03  1.4693e+00  8.6918e-01  -1.5271e+00  -2.1317e+00  9.9691e-05  6.0607e-01  ;...
   1.5071e-03  1.4693e+00  8.6918e-01  -1.5270e+00  -2.1317e+00  1.0309e-04  6.0607e-01  ;...
   1.5573e-03  1.4693e+00  8.6918e-01  -1.5270e+00  -2.1317e+00  1.0652e-04  6.0607e-01  ;...
   1.6080e-03  1.4693e+00  8.6918e-01  -1.5269e+00  -2.1317e+00  1.1000e-04  6.0607e-01  ;...
   1.6594e-03  1.4693e+00  8.6918e-01  -1.5269e+00  -2.1317e+00  1.1351e-04  6.0607e-01  ;...
   1.7115e-03  1.4693e+00  8.6918e-01  -1.5268e+00  -2.1317e+00  1.1708e-04  6.0607e-01  ;...
   1.7642e-03  1.4693e+00  8.6918e-01  -1.5268e+00  -2.1317e+00  1.2067e-04  6.0607e-01  ;...
   1.8176e-03  1.4693e+00  8.6918e-01  -1.5267e+00  -2.1317e+00  1.2433e-04  6.0607e-01  ;...
   1.8716e-03  1.4693e+00  8.6918e-01  -1.5266e+00  -2.1317e+00  1.2802e-04  6.0607e-01  ;...
   1.9263e-03  1.4693e+00  8.6918e-01  -1.5266e+00  -2.1317e+00  1.3177e-04  6.0607e-01  ;...
   1.9817e-03  1.4693e+00  8.6918e-01  -1.5265e+00  -2.1317e+00  1.3556e-04  6.0607e-01  ;...
   2.0378e-03  1.4693e+00  8.6918e-01  -1.5265e+00  -2.1317e+00  1.3940e-04  6.0607e-01  ;...
   2.0946e-03  1.4693e+00  8.6918e-01  -1.5264e+00  -2.1317e+00  1.4327e-04  6.0607e-01  ;...
   2.1522e-03  1.4693e+00  8.6918e-01  -1.5264e+00  -2.1317e+00  1.4721e-04  6.0607e-01  ;...
   2.2104e-03  1.4693e+00  8.6918e-01  -1.5263e+00  -2.1317e+00  1.5120e-04  6.0607e-01  ;...
   2.2694e-03  1.4693e+00  8.6918e-01  -1.5262e+00  -2.1317e+00  1.5523e-04  6.0607e-01  ;...
   2.3291e-03  1.4693e+00  8.6918e-01  -1.5262e+00  -2.1317e+00  1.5933e-04  6.0607e-01  ;...
   2.3896e-03  1.4693e+00  8.6918e-01  -1.5261e+00  -2.1317e+00  1.6345e-04  6.0607e-01  ;...
   2.4508e-03  1.4693e+00  8.6918e-01  -1.5261e+00  -2.1317e+00  1.6764e-04  6.0607e-01  ;...
   2.5128e-03  1.4693e+00  8.6918e-01  -1.5260e+00  -2.1317e+00  1.7189e-04  6.0607e-01  ;...
   2.5756e-03  1.4693e+00  8.6918e-01  -1.5259e+00  -2.1317e+00  1.7618e-04  6.0607e-01  ;...
   2.6392e-03  1.4693e+00  8.6918e-01  -1.5259e+00  -2.1317e+00  1.8052e-04  6.0607e-01  ;...
   2.7036e-03  1.4693e+00  8.6918e-01  -1.5258e+00  -2.1317e+00  1.8494e-04  6.0607e-01  ;...
   2.7688e-03  1.4693e+00  8.6918e-01  -1.5258e+00  -2.1317e+00  1.8939e-04  6.0607e-01  ;...
   2.8348e-03  1.4693e+00  8.6918e-01  -1.5257e+00  -2.1317e+00  1.9391e-04  6.0607e-01  ;...
   2.9016e-03  1.4693e+00  8.6918e-01  -1.5256e+00  -2.1317e+00  1.9848e-04  6.0607e-01  ;...
   2.9693e-03  1.4693e+00  8.6918e-01  -1.5256e+00  -2.1317e+00  2.0311e-04  6.0607e-01  ;...
   3.0378e-03  1.4693e+00  8.6918e-01  -1.5255e+00  -2.1317e+00  2.0779e-04  6.0607e-01  ;...
   3.1072e-03  1.4693e+00  8.6918e-01  -1.5255e+00  -2.1317e+00  2.1254e-04  6.0607e-01  ;...
   3.1775e-03  1.4693e+00  8.6918e-01  -1.5254e+00  -2.1317e+00  2.1736e-04  6.0607e-01  ;...
   3.2486e-03  1.4693e+00  8.6918e-01  -1.5253e+00  -2.1317e+00  2.2222e-04  6.0607e-01  ;...
   3.3207e-03  1.4693e+00  8.6918e-01  -1.5253e+00  -2.1317e+00  2.2714e-04  6.0607e-01  ;...
   3.3936e-03  1.4693e+00  8.6918e-01  -1.5252e+00  -2.1317e+00  2.3214e-04  6.0607e-01  ;...
   3.4675e-03  1.4693e+00  8.6918e-01  -1.5252e+00  -2.1317e+00  2.3718e-04  6.0607e-01  ;...
   3.5423e-03  1.4693e+00  8.6918e-01  -1.5251e+00  -2.1317e+00  2.4230e-04  6.0607e-01  ;...
   3.6180e-03  1.4693e+00  8.6918e-01  -1.5250e+00  -2.1317e+00  2.4748e-04  6.0607e-01  ;...
   3.6947e-03  1.4693e+00  8.6918e-01  -1.5250e+00  -2.1317e+00  2.5273e-04  6.0607e-01  ;...
   3.7723e-03  1.4693e+00  8.6918e-01  -1.5249e+00  -2.1317e+00  2.5803e-04  6.0607e-01  ;...
   3.8510e-03  1.4693e+00  8.6918e-01  -1.5248e+00  -2.1317e+00  2.6341e-04  6.0607e-01  ;...
   3.9306e-03  1.4693e+00  8.6918e-01  -1.5248e+00  -2.1317e+00  2.6887e-04  6.0607e-01  ;...
   4.0112e-03  1.4693e+00  8.6918e-01  -1.5247e+00  -2.1317e+00  2.7438e-04  6.0607e-01  ;...
   4.0928e-03  1.4693e+00  8.6918e-01  -1.5246e+00  -2.1317e+00  2.7996e-04  6.0607e-01  ;...
   4.1755e-03  1.4693e+00  8.6918e-01  -1.5246e+00  -2.1317e+00  2.8561e-04  6.0607e-01  ;...
   4.2592e-03  1.4693e+00  8.6918e-01  -1.5245e+00  -2.1317e+00  2.9134e-04  6.0607e-01  ;...
   4.3439e-03  1.4693e+00  8.6918e-01  -1.5245e+00  -2.1317e+00  2.9714e-04  6.0607e-01  ;...
   4.4298e-03  1.4693e+00  8.6918e-01  -1.5244e+00  -2.1317e+00  3.0300e-04  6.0607e-01  ;...
   4.5167e-03  1.4693e+00  8.6918e-01  -1.5243e+00  -2.1317e+00  3.0896e-04  6.0607e-01  ;...
   4.6047e-03  1.4693e+00  8.6918e-01  -1.5243e+00  -2.1317e+00  3.1497e-04  6.0607e-01  ;...
   4.6938e-03  1.4693e+00  8.6918e-01  -1.5242e+00  -2.1317e+00  3.2106e-04  6.0607e-01  ;...
   4.7840e-03  1.4693e+00  8.6918e-01  -1.5241e+00  -2.1317e+00  3.2723e-04  6.0607e-01  ;...
   4.8753e-03  1.4693e+00  8.6918e-01  -1.5240e+00  -2.1317e+00  3.3349e-04  6.0607e-01  ;...
   4.9678e-03  1.4693e+00  8.6918e-01  -1.5240e+00  -2.1317e+00  3.3981e-04  6.0607e-01  ;...
   5.0615e-03  1.4693e+00  8.6918e-01  -1.5239e+00  -2.1317e+00  3.4622e-04  6.0606e-01  ;...
   5.1563e-03  1.4693e+00  8.6918e-01  -1.5238e+00  -2.1317e+00  3.5271e-04  6.0606e-01  ;...
   5.2524e-03  1.4693e+00  8.6918e-01  -1.5238e+00  -2.1317e+00  3.5928e-04  6.0606e-01  ;...
   5.3496e-03  1.4693e+00  8.6918e-01  -1.5237e+00  -2.1317e+00  3.6593e-04  6.0606e-01  ;...
   5.4481e-03  1.4693e+00  8.6918e-01  -1.5236e+00  -2.1317e+00  3.7266e-04  6.0606e-01  ;...
   5.5478e-03  1.4693e+00  8.6918e-01  -1.5236e+00  -2.1317e+00  3.7948e-04  6.0606e-01  ;...
   5.6488e-03  1.4692e+00  8.6918e-01  -1.5235e+00  -2.1317e+00  3.8639e-04  6.0606e-01  ;...
   5.7510e-03  1.4692e+00  8.6918e-01  -1.5234e+00  -2.1317e+00  3.9338e-04  6.0606e-01  ;...
   5.8545e-03  1.4692e+00  8.6918e-01  -1.5234e+00  -2.1317e+00  4.0046e-04  6.0606e-01  ;...
   5.9593e-03  1.4692e+00  8.6918e-01  -1.5233e+00  -2.1317e+00  4.0764e-04  6.0606e-01  ;...
   6.0655e-03  1.4692e+00  8.6918e-01  -1.5232e+00  -2.1317e+00  4.1489e-04  6.0606e-01  ;...
   6.1729e-03  1.4692e+00  8.6918e-01  -1.5231e+00  -2.1317e+00  4.2225e-04  6.0606e-01  ;...
   6.2818e-03  1.4692e+00  8.6918e-01  -1.5231e+00  -2.1317e+00  4.2969e-04  6.0606e-01  ;...
   6.3920e-03  1.4692e+00  8.6918e-01  -1.5230e+00  -2.1317e+00  4.3722e-04  6.0606e-01  ;...
   6.5035e-03  1.4692e+00  8.6918e-01  -1.5229e+00  -2.1317e+00  4.4486e-04  6.0606e-01  ;...
   6.6165e-03  1.4692e+00  8.6917e-01  -1.5228e+00  -2.1317e+00  4.5259e-04  6.0606e-01  ;...
   6.7309e-03  1.4692e+00  8.6917e-01  -1.5228e+00  -2.1317e+00  4.6041e-04  6.0606e-01  ;...
   6.8468e-03  1.4692e+00  8.6917e-01  -1.5227e+00  -2.1317e+00  4.6834e-04  6.0606e-01  ;...
   6.9641e-03  1.4692e+00  8.6917e-01  -1.5226e+00  -2.1317e+00  4.7636e-04  6.0606e-01  ;...
   7.0828e-03  1.4692e+00  8.6917e-01  -1.5225e+00  -2.1317e+00  4.8448e-04  6.0606e-01  ;...
   7.2031e-03  1.4692e+00  8.6917e-01  -1.5225e+00  -2.1317e+00  4.9271e-04  6.0606e-01  ;...
   7.3249e-03  1.4692e+00  8.6917e-01  -1.5224e+00  -2.1317e+00  5.0104e-04  6.0606e-01  ;...
   7.4482e-03  1.4692e+00  8.6917e-01  -1.5223e+00  -2.1317e+00  5.0948e-04  6.0606e-01  ;...
   7.5731e-03  1.4692e+00  8.6917e-01  -1.5222e+00  -2.1317e+00  5.1802e-04  6.0605e-01  ;...
   7.6995e-03  1.4692e+00  8.6917e-01  -1.5222e+00  -2.1317e+00  5.2666e-04  6.0605e-01  ;...
   7.8275e-03  1.4692e+00  8.6917e-01  -1.5221e+00  -2.1317e+00  5.3542e-04  6.0605e-01  ;...
   7.9572e-03  1.4692e+00  8.6917e-01  -1.5220e+00  -2.1317e+00  5.4429e-04  6.0605e-01  ;...
   8.0885e-03  1.4692e+00  8.6917e-01  -1.5219e+00  -2.1317e+00  5.5327e-04  6.0605e-01  ;...
   8.2214e-03  1.4692e+00  8.6917e-01  -1.5218e+00  -2.1317e+00  5.6236e-04  6.0605e-01  ;...
   8.3560e-03  1.4692e+00  8.6917e-01  -1.5218e+00  -2.1317e+00  5.7156e-04  6.0605e-01  ;...
   8.4922e-03  1.4692e+00  8.6917e-01  -1.5217e+00  -2.1317e+00  5.8089e-04  6.0605e-01  ;...
   8.6302e-03  1.4692e+00  8.6917e-01  -1.5216e+00  -2.1317e+00  5.9033e-04  6.0605e-01  ;...
   8.7700e-03  1.4692e+00  8.6917e-01  -1.5215e+00  -2.1317e+00  5.9989e-04  6.0605e-01  ;...
   8.9115e-03  1.4692e+00  8.6917e-01  -1.5214e+00  -2.1317e+00  6.0956e-04  6.0605e-01  ;...
   9.0547e-03  1.4692e+00  8.6917e-01  -1.5213e+00  -2.1317e+00  6.1936e-04  6.0605e-01  ;...
   9.1998e-03  1.4692e+00  8.6916e-01  -1.5213e+00  -2.1317e+00  6.2928e-04  6.0605e-01  ;...
   9.3467e-03  1.4692e+00  8.6916e-01  -1.5212e+00  -2.1317e+00  6.3933e-04  6.0605e-01  ;...
   9.4955e-03  1.4692e+00  8.6916e-01  -1.5211e+00  -2.1317e+00  6.4950e-04  6.0604e-01  ;...
   9.6461e-03  1.4692e+00  8.6916e-01  -1.5210e+00  -2.1317e+00  6.5981e-04  6.0604e-01  ;...
   9.7986e-03  1.4691e+00  8.6916e-01  -1.5209e+00  -2.1317e+00  6.7024e-04  6.0604e-01  ;...
   9.9530e-03  1.4691e+00  8.6916e-01  -1.5208e+00  -2.1317e+00  6.8080e-04  6.0604e-01  ;...
   1.0109e-02  1.4691e+00  8.6916e-01  -1.5207e+00  -2.1317e+00  6.9149e-04  6.0604e-01  ;...
   1.0268e-02  1.4691e+00  8.6916e-01  -1.5207e+00  -2.1317e+00  7.0233e-04  6.0604e-01  ;...
   1.0428e-02  1.4691e+00  8.6916e-01  -1.5206e+00  -2.1317e+00  7.1329e-04  6.0604e-01  ;...
   1.0590e-02  1.4691e+00  8.6916e-01  -1.5205e+00  -2.1317e+00  7.2440e-04  6.0604e-01  ;...
   1.0755e-02  1.4691e+00  8.6916e-01  -1.5204e+00  -2.1317e+00  7.3564e-04  6.0604e-01  ;...
   1.0921e-02  1.4691e+00  8.6916e-01  -1.5203e+00  -2.1317e+00  7.4702e-04  6.0604e-01  ;...
   1.1090e-02  1.4691e+00  8.6916e-01  -1.5202e+00  -2.1317e+00  7.5855e-04  6.0603e-01  ;...
   1.1260e-02  1.4691e+00  8.6915e-01  -1.5201e+00  -2.1317e+00  7.7023e-04  6.0603e-01  ;...
   1.1433e-02  1.4691e+00  8.6915e-01  -1.5200e+00  -2.1317e+00  7.8205e-04  6.0603e-01  ;...
   1.1608e-02  1.4691e+00  8.6915e-01  -1.5199e+00  -2.1317e+00  7.9402e-04  6.0603e-01  ;...
   1.1785e-02  1.4691e+00  8.6915e-01  -1.5198e+00  -2.1317e+00  8.0613e-04  6.0603e-01  ;...
   1.1965e-02  1.4691e+00  8.6915e-01  -1.5197e+00  -2.1317e+00  8.1841e-04  6.0603e-01  ;...
   1.2147e-02  1.4691e+00  8.6915e-01  -1.5196e+00  -2.1317e+00  8.3083e-04  6.0603e-01  ;...
   1.2331e-02  1.4691e+00  8.6915e-01  -1.5196e+00  -2.1317e+00  8.4341e-04  6.0602e-01  ;...
   1.2517e-02  1.4691e+00  8.6915e-01  -1.5195e+00  -2.1317e+00  8.5616e-04  6.0602e-01  ;...
   1.2705e-02  1.4690e+00  8.6915e-01  -1.5194e+00  -2.1317e+00  8.6906e-04  6.0602e-01  ;...
   1.2896e-02  1.4690e+00  8.6914e-01  -1.5193e+00  -2.1317e+00  8.8212e-04  6.0602e-01  ;...
   1.3090e-02  1.4690e+00  8.6914e-01  -1.5192e+00  -2.1317e+00  8.9535e-04  6.0602e-01  ;...
   1.3286e-02  1.4690e+00  8.6914e-01  -1.5191e+00  -2.1317e+00  9.0874e-04  6.0602e-01  ;...
   1.3484e-02  1.4690e+00  8.6914e-01  -1.5190e+00  -2.1317e+00  9.2230e-04  6.0602e-01  ;...
   1.3685e-02  1.4690e+00  8.6914e-01  -1.5189e+00  -2.1317e+00  9.3604e-04  6.0601e-01  ;...
   1.3888e-02  1.4690e+00  8.6914e-01  -1.5188e+00  -2.1317e+00  9.4994e-04  6.0601e-01  ;...
   1.4094e-02  1.4690e+00  8.6914e-01  -1.5187e+00  -2.1317e+00  9.6402e-04  6.0601e-01  ;...
   1.4302e-02  1.4690e+00  8.6914e-01  -1.5186e+00  -2.1317e+00  9.7828e-04  6.0601e-01  ;...
   1.4513e-02  1.4690e+00  8.6913e-01  -1.5185e+00  -2.1317e+00  9.9271e-04  6.0601e-01  ;...
   1.4727e-02  1.4690e+00  8.6913e-01  -1.5184e+00  -2.1317e+00  1.0073e-03  6.0600e-01  ;...
   1.4944e-02  1.4690e+00  8.6913e-01  -1.5183e+00  -2.1317e+00  1.0221e-03  6.0600e-01  ;...
   1.5163e-02  1.4689e+00  8.6913e-01  -1.5182e+00  -2.1317e+00  1.0371e-03  6.0600e-01  ;...
   1.5385e-02  1.4689e+00  8.6913e-01  -1.5180e+00  -2.1317e+00  1.0523e-03  6.0600e-01  ;...
   1.5609e-02  1.4689e+00  8.6913e-01  -1.5179e+00  -2.1317e+00  1.0677e-03  6.0600e-01  ;...
   1.5837e-02  1.4689e+00  8.6912e-01  -1.5178e+00  -2.1317e+00  1.0832e-03  6.0599e-01  ;...
   1.6067e-02  1.4689e+00  8.6912e-01  -1.5177e+00  -2.1317e+00  1.0990e-03  6.0599e-01  ;...
   1.6301e-02  1.4689e+00  8.6912e-01  -1.5176e+00  -2.1317e+00  1.1149e-03  6.0599e-01  ;...
   1.6537e-02  1.4689e+00  8.6912e-01  -1.5175e+00  -2.1317e+00  1.1311e-03  6.0599e-01  ;...
   1.6776e-02  1.4689e+00  8.6912e-01  -1.5174e+00  -2.1317e+00  1.1474e-03  6.0598e-01  ;...
   1.7018e-02  1.4689e+00  8.6911e-01  -1.5173e+00  -2.1317e+00  1.1640e-03  6.0598e-01  ;...
   1.7263e-02  1.4688e+00  8.6911e-01  -1.5172e+00  -2.1317e+00  1.1808e-03  6.0598e-01  ;...
   1.7512e-02  1.4688e+00  8.6911e-01  -1.5171e+00  -2.1317e+00  1.1978e-03  6.0598e-01  ;...
   1.7763e-02  1.4688e+00  8.6911e-01  -1.5170e+00  -2.1317e+00  1.2150e-03  6.0597e-01  ;...
   1.8018e-02  1.4688e+00  8.6911e-01  -1.5168e+00  -2.1317e+00  1.2324e-03  6.0597e-01  ;...
   1.8276e-02  1.4688e+00  8.6910e-01  -1.5167e+00  -2.1317e+00  1.2500e-03  6.0597e-01  ;...
   1.8537e-02  1.4688e+00  8.6910e-01  -1.5166e+00  -2.1317e+00  1.2679e-03  6.0596e-01  ;...
   1.8801e-02  1.4688e+00  8.6910e-01  -1.5165e+00  -2.1317e+00  1.2859e-03  6.0596e-01  ;...
   1.9069e-02  1.4687e+00  8.6910e-01  -1.5164e+00  -2.1317e+00  1.3042e-03  6.0596e-01  ;...
   1.9340e-02  1.4687e+00  8.6909e-01  -1.5163e+00  -2.1317e+00  1.3228e-03  6.0595e-01  ;...
   1.9614e-02  1.4687e+00  8.6909e-01  -1.5161e+00  -2.1317e+00  1.3415e-03  6.0595e-01  ;...
   1.9892e-02  1.4687e+00  8.6909e-01  -1.5160e+00  -2.1317e+00  1.3605e-03  6.0595e-01  ;...
   2.0173e-02  1.4687e+00  8.6909e-01  -1.5159e+00  -2.1317e+00  1.3798e-03  6.0594e-01  ;...
   2.0458e-02  1.4687e+00  8.6908e-01  -1.5158e+00  -2.1317e+00  1.3993e-03  6.0594e-01  ;...
   2.0747e-02  1.4686e+00  8.6908e-01  -1.5157e+00  -2.1317e+00  1.4190e-03  6.0594e-01  ;...
   2.1039e-02  1.4686e+00  8.6908e-01  -1.5155e+00  -2.1317e+00  1.4390e-03  6.0593e-01  ;...
   2.1335e-02  1.4686e+00  8.6907e-01  -1.5154e+00  -2.1317e+00  1.4592e-03  6.0593e-01  ;...
   2.1634e-02  1.4686e+00  8.6907e-01  -1.5153e+00  -2.1317e+00  1.4797e-03  6.0592e-01  ;...
   2.1938e-02  1.4686e+00  8.6907e-01  -1.5152e+00  -2.1317e+00  1.5004e-03  6.0592e-01  ;...
   2.2245e-02  1.4685e+00  8.6906e-01  -1.5150e+00  -2.1317e+00  1.5214e-03  6.0592e-01  ;...
   2.2556e-02  1.4685e+00  8.6906e-01  -1.5149e+00  -2.1317e+00  1.5427e-03  6.0591e-01  ;...
   2.2871e-02  1.4685e+00  8.6906e-01  -1.5148e+00  -2.1317e+00  1.5642e-03  6.0591e-01  ;...
   2.3190e-02  1.4685e+00  8.6905e-01  -1.5147e+00  -2.1317e+00  1.5860e-03  6.0590e-01  ;...
   2.3512e-02  1.4684e+00  8.6905e-01  -1.5145e+00  -2.1317e+00  1.6081e-03  6.0590e-01  ;...
   2.3839e-02  1.4684e+00  8.6905e-01  -1.5144e+00  -2.1317e+00  1.6305e-03  6.0589e-01  ;...
   2.4170e-02  1.4684e+00  8.6904e-01  -1.5143e+00  -2.1317e+00  1.6531e-03  6.0589e-01  ;...
   2.4506e-02  1.4684e+00  8.6904e-01  -1.5141e+00  -2.1317e+00  1.6760e-03  6.0588e-01  ;...
   2.4845e-02  1.4683e+00  8.6903e-01  -1.5140e+00  -2.1317e+00  1.6992e-03  6.0588e-01  ;...
   2.5189e-02  1.4683e+00  8.6903e-01  -1.5139e+00  -2.1317e+00  1.7227e-03  6.0587e-01  ;...
   2.5537e-02  1.4683e+00  8.6903e-01  -1.5137e+00  -2.1317e+00  1.7465e-03  6.0587e-01  ;...
   2.5889e-02  1.4683e+00  8.6902e-01  -1.5136e+00  -2.1317e+00  1.7706e-03  6.0586e-01  ;...
   2.6246e-02  1.4682e+00  8.6902e-01  -1.5135e+00  -2.1317e+00  1.7950e-03  6.0585e-01  ;...
   2.6607e-02  1.4682e+00  8.6901e-01  -1.5133e+00  -2.1317e+00  1.8197e-03  6.0585e-01  ;...
   2.6973e-02  1.4682e+00  8.6901e-01  -1.5132e+00  -2.1317e+00  1.8447e-03  6.0584e-01  ;...
   2.7344e-02  1.4681e+00  8.6900e-01  -1.5130e+00  -2.1317e+00  1.8700e-03  6.0584e-01  ;...
   2.7719e-02  1.4681e+00  8.6900e-01  -1.5129e+00  -2.1317e+00  1.8957e-03  6.0583e-01  ;...
   2.8098e-02  1.4681e+00  8.6899e-01  -1.5128e+00  -2.1317e+00  1.9216e-03  6.0582e-01  ;...
   2.8483e-02  1.4680e+00  8.6899e-01  -1.5126e+00  -2.1317e+00  1.9479e-03  6.0582e-01  ;...
   2.8873e-02  1.4680e+00  8.6898e-01  -1.5125e+00  -2.1317e+00  1.9746e-03  6.0581e-01  ;...
   2.9267e-02  1.4680e+00  8.6898e-01  -1.5123e+00  -2.1317e+00  2.0015e-03  6.0580e-01  ;...
   2.9666e-02  1.4679e+00  8.6897e-01  -1.5122e+00  -2.1317e+00  2.0288e-03  6.0579e-01  ;...
   3.0071e-02  1.4679e+00  8.6896e-01  -1.5120e+00  -2.1317e+00  2.0565e-03  6.0579e-01  ;...
   3.0480e-02  1.4679e+00  8.6896e-01  -1.5119e+00  -2.1317e+00  2.0844e-03  6.0578e-01  ;...
   3.0895e-02  1.4678e+00  8.6895e-01  -1.5117e+00  -2.1317e+00  2.1128e-03  6.0577e-01  ;...
   3.1314e-02  1.4678e+00  8.6895e-01  -1.5116e+00  -2.1317e+00  2.1415e-03  6.0576e-01  ;...
   3.1739e-02  1.4677e+00  8.6894e-01  -1.5114e+00  -2.1317e+00  2.1705e-03  6.0575e-01  ;...
   3.2170e-02  1.4677e+00  8.6893e-01  -1.5113e+00  -2.1317e+00  2.1999e-03  6.0574e-01  ;...
   3.2606e-02  1.4677e+00  8.6893e-01  -1.5111e+00  -2.1317e+00  2.2297e-03  6.0574e-01  ;...
   3.3047e-02  1.4676e+00  8.6892e-01  -1.5110e+00  -2.1317e+00  2.2599e-03  6.0573e-01  ;...
   3.3494e-02  1.4676e+00  8.6891e-01  -1.5108e+00  -2.1317e+00  2.2904e-03  6.0572e-01  ;...
   3.3946e-02  1.4675e+00  8.6890e-01  -1.5107e+00  -2.1317e+00  2.3214e-03  6.0571e-01  ;...
   3.4404e-02  1.4675e+00  8.6890e-01  -1.5105e+00  -2.1317e+00  2.3527e-03  6.0570e-01  ;...
   3.4868e-02  1.4674e+00  8.6889e-01  -1.5103e+00  -2.1317e+00  2.3844e-03  6.0569e-01  ;...
   3.5338e-02  1.4674e+00  8.6888e-01  -1.5102e+00  -2.1317e+00  2.4165e-03  6.0568e-01  ;...
   3.5814e-02  1.4673e+00  8.6887e-01  -1.5100e+00  -2.1317e+00  2.4490e-03  6.0567e-01  ;...
   3.6295e-02  1.4673e+00  8.6886e-01  -1.5099e+00  -2.1317e+00  2.4819e-03  6.0565e-01  ;...
   3.6783e-02  1.4672e+00  8.6885e-01  -1.5097e+00  -2.1316e+00  2.5152e-03  6.0564e-01  ;...
   3.7277e-02  1.4672e+00  8.6885e-01  -1.5095e+00  -2.1316e+00  2.5490e-03  6.0563e-01  ;...
   3.7777e-02  1.4671e+00  8.6884e-01  -1.5094e+00  -2.1316e+00  2.5832e-03  6.0562e-01  ;...
   3.8283e-02  1.4670e+00  8.6883e-01  -1.5092e+00  -2.1316e+00  2.6178e-03  6.0561e-01  ;...
   3.8796e-02  1.4670e+00  8.6882e-01  -1.5090e+00  -2.1316e+00  2.6528e-03  6.0560e-01  ;...
   3.9315e-02  1.4669e+00  8.6881e-01  -1.5089e+00  -2.1316e+00  2.6883e-03  6.0558e-01  ;...
   3.9841e-02  1.4669e+00  8.6880e-01  -1.5087e+00  -2.1316e+00  2.7242e-03  6.0557e-01  ;...
   4.0373e-02  1.4668e+00  8.6879e-01  -1.5085e+00  -2.1316e+00  2.7606e-03  6.0556e-01  ;...
   4.0912e-02  1.4667e+00  8.6878e-01  -1.5084e+00  -2.1316e+00  2.7974e-03  6.0554e-01  ;...
   4.1458e-02  1.4667e+00  8.6876e-01  -1.5082e+00  -2.1316e+00  2.8347e-03  6.0553e-01  ;...
   4.2011e-02  1.4666e+00  8.6875e-01  -1.5080e+00  -2.1316e+00  2.8724e-03  6.0551e-01  ;...
   4.2570e-02  1.4665e+00  8.6874e-01  -1.5078e+00  -2.1316e+00  2.9106e-03  6.0550e-01  ;...
   4.3137e-02  1.4664e+00  8.6873e-01  -1.5076e+00  -2.1316e+00  2.9494e-03  6.0548e-01  ;...
   4.3711e-02  1.4664e+00  8.6872e-01  -1.5075e+00  -2.1316e+00  2.9885e-03  6.0547e-01  ;...
   4.4292e-02  1.4663e+00  8.6871e-01  -1.5073e+00  -2.1316e+00  3.0282e-03  6.0545e-01  ;...
   4.4880e-02  1.4662e+00  8.6869e-01  -1.5071e+00  -2.1316e+00  3.0684e-03  6.0543e-01  ;...
   4.5476e-02  1.4661e+00  8.6868e-01  -1.5069e+00  -2.1316e+00  3.1091e-03  6.0542e-01  ;...
   4.6079e-02  1.4660e+00  8.6867e-01  -1.5067e+00  -2.1316e+00  3.1503e-03  6.0540e-01  ;...
   4.6690e-02  1.4659e+00  8.6865e-01  -1.5065e+00  -2.1316e+00  3.1920e-03  6.0538e-01  ;...
   4.7308e-02  1.4659e+00  8.6864e-01  -1.5064e+00  -2.1316e+00  3.2342e-03  6.0536e-01  ;...
   4.7935e-02  1.4658e+00  8.6862e-01  -1.5062e+00  -2.1316e+00  3.2770e-03  6.0534e-01  ;...
   4.8569e-02  1.4657e+00  8.6861e-01  -1.5060e+00  -2.1316e+00  3.3203e-03  6.0532e-01  ;...
   4.9211e-02  1.4656e+00  8.6859e-01  -1.5058e+00  -2.1316e+00  3.3642e-03  6.0530e-01  ;...
   4.9861e-02  1.4655e+00  8.6858e-01  -1.5056e+00  -2.1316e+00  3.4085e-03  6.0528e-01  ;...
   5.0519e-02  1.4654e+00  8.6856e-01  -1.5054e+00  -2.1316e+00  3.4535e-03  6.0526e-01  ;...
   5.1186e-02  1.4653e+00  8.6854e-01  -1.5052e+00  -2.1316e+00  3.4990e-03  6.0524e-01  ;...
   5.1861e-02  1.4652e+00  8.6853e-01  -1.5050e+00  -2.1315e+00  3.5451e-03  6.0522e-01  ;...
   5.2544e-02  1.4651e+00  8.6851e-01  -1.5048e+00  -2.1315e+00  3.5917e-03  6.0520e-01  ;...
   5.3237e-02  1.4649e+00  8.6849e-01  -1.5046e+00  -2.1315e+00  3.6390e-03  6.0517e-01  ;...
   5.3937e-02  1.4648e+00  8.6847e-01  -1.5044e+00  -2.1315e+00  3.6868e-03  6.0515e-01  ;...
   5.4647e-02  1.4647e+00  8.6845e-01  -1.5042e+00  -2.1315e+00  3.7353e-03  6.0513e-01  ;...
   5.5366e-02  1.4646e+00  8.6844e-01  -1.5040e+00  -2.1315e+00  3.7843e-03  6.0510e-01  ;...
   5.6093e-02  1.4645e+00  8.6842e-01  -1.5038e+00  -2.1315e+00  3.8340e-03  6.0507e-01  ;...
   5.6830e-02  1.4643e+00  8.6840e-01  -1.5036e+00  -2.1315e+00  3.8842e-03  6.0505e-01  ;...
   5.7576e-02  1.4642e+00  8.6837e-01  -1.5034e+00  -2.1315e+00  3.9351e-03  6.0502e-01  ;...
   5.8331e-02  1.4641e+00  8.6835e-01  -1.5032e+00  -2.1315e+00  3.9867e-03  6.0499e-01  ;...
   5.9096e-02  1.4639e+00  8.6833e-01  -1.5030e+00  -2.1315e+00  4.0389e-03  6.0496e-01  ;...
   5.9871e-02  1.4638e+00  8.6831e-01  -1.5027e+00  -2.1315e+00  4.0917e-03  6.0494e-01  ;...
   6.0655e-02  1.4636e+00  8.6829e-01  -1.5025e+00  -2.1315e+00  4.1452e-03  6.0491e-01  ;...
   6.1449e-02  1.4635e+00  8.6826e-01  -1.5023e+00  -2.1315e+00  4.1994e-03  6.0487e-01  ;...
   6.2253e-02  1.4633e+00  8.6824e-01  -1.5021e+00  -2.1315e+00  4.2542e-03  6.0484e-01  ;...
   6.3067e-02  1.4632e+00  8.6821e-01  -1.5019e+00  -2.1314e+00  4.3098e-03  6.0481e-01  ;...
   6.3892e-02  1.4630e+00  8.6819e-01  -1.5017e+00  -2.1314e+00  4.3660e-03  6.0478e-01  ;...
   6.4727e-02  1.4629e+00  8.6816e-01  -1.5014e+00  -2.1314e+00  4.4229e-03  6.0474e-01  ;...
   6.5572e-02  1.4627e+00  8.6813e-01  -1.5012e+00  -2.1314e+00  4.4806e-03  6.0471e-01  ;...
   6.6428e-02  1.4625e+00  8.6811e-01  -1.5010e+00  -2.1314e+00  4.5389e-03  6.0467e-01  ;...
   6.7295e-02  1.4623e+00  8.6808e-01  -1.5008e+00  -2.1314e+00  4.5980e-03  6.0464e-01  ;...
   6.8172e-02  1.4622e+00  8.6805e-01  -1.5005e+00  -2.1314e+00  4.6578e-03  6.0460e-01  ;...
   6.9061e-02  1.4620e+00  8.6802e-01  -1.5003e+00  -2.1314e+00  4.7184e-03  6.0456e-01  ;...
   6.9961e-02  1.4618e+00  8.6799e-01  -1.5001e+00  -2.1314e+00  4.7798e-03  6.0452e-01  ;...
   7.0872e-02  1.4616e+00  8.6796e-01  -1.4998e+00  -2.1314e+00  4.8419e-03  6.0448e-01  ;...
   7.1795e-02  1.4614e+00  8.6793e-01  -1.4996e+00  -2.1313e+00  4.9047e-03  6.0444e-01  ;...
   7.2729e-02  1.4612e+00  8.6789e-01  -1.4994e+00  -2.1313e+00  4.9684e-03  6.0439e-01  ;...
   7.3675e-02  1.4610e+00  8.6786e-01  -1.4991e+00  -2.1313e+00  5.0328e-03  6.0435e-01  ;...
   7.4633e-02  1.4607e+00  8.6782e-01  -1.4989e+00  -2.1313e+00  5.0981e-03  6.0431e-01  ;...
   7.5603e-02  1.4605e+00  8.6779e-01  -1.4986e+00  -2.1313e+00  5.1642e-03  6.0426e-01  ;...
   7.6585e-02  1.4603e+00  8.6775e-01  -1.4984e+00  -2.1313e+00  5.2311e-03  6.0421e-01  ;...
   7.7580e-02  1.4601e+00  8.6771e-01  -1.4981e+00  -2.1313e+00  5.2988e-03  6.0416e-01  ;...
   7.8587e-02  1.4598e+00  8.6768e-01  -1.4979e+00  -2.1313e+00  5.3673e-03  6.0411e-01  ;...
   7.9606e-02  1.4596e+00  8.6764e-01  -1.4976e+00  -2.1312e+00  5.4368e-03  6.0406e-01  ;...
   8.0639e-02  1.4593e+00  8.6760e-01  -1.4974e+00  -2.1312e+00  5.5071e-03  6.0401e-01  ;...
   8.1684e-02  1.4591e+00  8.6755e-01  -1.4971e+00  -2.1312e+00  5.5782e-03  6.0396e-01  ;...
   8.2743e-02  1.4588e+00  8.6751e-01  -1.4969e+00  -2.1312e+00  5.6503e-03  6.0390e-01  ;...
   8.3815e-02  1.4585e+00  8.6747e-01  -1.4966e+00  -2.1312e+00  5.7232e-03  6.0384e-01  ;...
   8.4900e-02  1.4582e+00  8.6742e-01  -1.4964e+00  -2.1312e+00  5.7971e-03  6.0379e-01  ;...
   8.5999e-02  1.4579e+00  8.6738e-01  -1.4961e+00  -2.1311e+00  5.8719e-03  6.0373e-01  ;...
   8.7112e-02  1.4576e+00  8.6733e-01  -1.4958e+00  -2.1311e+00  5.9476e-03  6.0367e-01  ;...
   8.8239e-02  1.4573e+00  8.6728e-01  -1.4956e+00  -2.1311e+00  6.0242e-03  6.0360e-01  ;...
   8.9380e-02  1.4570e+00  8.6723e-01  -1.4953e+00  -2.1311e+00  6.1018e-03  6.0354e-01  ;...
   9.0536e-02  1.4567e+00  8.6718e-01  -1.4950e+00  -2.1311e+00  6.1804e-03  6.0347e-01  ;...
   9.1706e-02  1.4564e+00  8.6713e-01  -1.4948e+00  -2.1310e+00  6.2599e-03  6.0341e-01  ;...
   9.2890e-02  1.4561e+00  8.6708e-01  -1.4945e+00  -2.1310e+00  6.3404e-03  6.0334e-01  ;...
   9.4090e-02  1.4557e+00  8.6702e-01  -1.4942e+00  -2.1310e+00  6.4219e-03  6.0327e-01  ;...
   9.5305e-02  1.4554e+00  8.6697e-01  -1.4939e+00  -2.1310e+00  6.5045e-03  6.0319e-01  ;...
   9.6535e-02  1.4550e+00  8.6691e-01  -1.4936e+00  -2.1309e+00  6.5880e-03  6.0312e-01  ;...
   9.7780e-02  1.4546e+00  8.6685e-01  -1.4934e+00  -2.1309e+00  6.6726e-03  6.0304e-01  ;...
   9.9041e-02  1.4543e+00  8.6679e-01  -1.4931e+00  -2.1309e+00  6.7583e-03  6.0296e-01  ;...
   1.0032e-01  1.4539e+00  8.6673e-01  -1.4928e+00  -2.1309e+00  6.8450e-03  6.0288e-01  ;...
   1.0161e-01  1.4535e+00  8.6667e-01  -1.4925e+00  -2.1308e+00  6.9328e-03  6.0280e-01  ;...
   1.0292e-01  1.4531e+00  8.6660e-01  -1.4922e+00  -2.1308e+00  7.0216e-03  6.0271e-01  ;...
   1.0425e-01  1.4526e+00  8.6653e-01  -1.4919e+00  -2.1308e+00  7.1116e-03  6.0263e-01  ;...
   1.0559e-01  1.4522e+00  8.6646e-01  -1.4916e+00  -2.1308e+00  7.2027e-03  6.0254e-01  ;...
   1.0695e-01  1.4518e+00  8.6639e-01  -1.4913e+00  -2.1307e+00  7.2949e-03  6.0245e-01  ;...
   1.0832e-01  1.4513e+00  8.6632e-01  -1.4910e+00  -2.1307e+00  7.3882e-03  6.0235e-01  ;...
   1.0972e-01  1.4509e+00  8.6625e-01  -1.4907e+00  -2.1307e+00  7.4827e-03  6.0226e-01  ;...
   1.1113e-01  1.4504e+00  8.6617e-01  -1.4904e+00  -2.1306e+00  7.5784e-03  6.0216e-01  ;...
   1.1256e-01  1.4499e+00  8.6610e-01  -1.4901e+00  -2.1306e+00  7.6752e-03  6.0206e-01  ;...
   1.1401e-01  1.4494e+00  8.6602e-01  -1.4898e+00  -2.1305e+00  7.7733e-03  6.0195e-01  ;...
   1.1547e-01  1.4489e+00  8.6593e-01  -1.4895e+00  -2.1305e+00  7.8725e-03  6.0185e-01  ;...
   1.1695e-01  1.4484e+00  8.6585e-01  -1.4892e+00  -2.1305e+00  7.9730e-03  6.0174e-01  ;...
   1.1846e-01  1.4478e+00  8.6576e-01  -1.4889e+00  -2.1304e+00  8.0747e-03  6.0163e-01  ;...
   1.1998e-01  1.4473e+00  8.6568e-01  -1.4885e+00  -2.1304e+00  8.1776e-03  6.0151e-01  ;...
   1.2152e-01  1.4467e+00  8.6559e-01  -1.4882e+00  -2.1303e+00  8.2819e-03  6.0139e-01  ;...
   1.2308e-01  1.4461e+00  8.6549e-01  -1.4879e+00  -2.1303e+00  8.3874e-03  6.0127e-01  ;...
   1.2466e-01  1.4455e+00  8.6540e-01  -1.4876e+00  -2.1302e+00  8.4942e-03  6.0115e-01  ;...
   1.2626e-01  1.4449e+00  8.6530e-01  -1.4872e+00  -2.1302e+00  8.6023e-03  6.0102e-01  ;...
   1.2788e-01  1.4443e+00  8.6520e-01  -1.4869e+00  -2.1301e+00  8.7117e-03  6.0089e-01  ;...
   1.2952e-01  1.4436e+00  8.6510e-01  -1.4866e+00  -2.1301e+00  8.8225e-03  6.0076e-01  ;...
   1.3118e-01  1.4430e+00  8.6499e-01  -1.4862e+00  -2.1300e+00  8.9346e-03  6.0062e-01  ;...
   1.3286e-01  1.4423e+00  8.6489e-01  -1.4859e+00  -2.1300e+00  9.0481e-03  6.0048e-01  ;...
   1.3456e-01  1.4416e+00  8.6478e-01  -1.4855e+00  -2.1299e+00  9.1630e-03  6.0034e-01  ;...
   1.3628e-01  1.4409e+00  8.6466e-01  -1.4852e+00  -2.1299e+00  9.2793e-03  6.0019e-01  ;...
   1.3803e-01  1.4402e+00  8.6455e-01  -1.4848e+00  -2.1298e+00  9.3971e-03  6.0004e-01  ;...
   1.3980e-01  1.4395e+00  8.6443e-01  -1.4845e+00  -2.1297e+00  9.5162e-03  5.9989e-01  ;...
   1.4158e-01  1.4387e+00  8.6431e-01  -1.4841e+00  -2.1297e+00  9.6369e-03  5.9973e-01  ;...
   1.4340e-01  1.4379e+00  8.6418e-01  -1.4838e+00  -2.1296e+00  9.7589e-03  5.9956e-01  ;...
   1.4523e-01  1.4371e+00  8.6405e-01  -1.4834e+00  -2.1295e+00  9.8825e-03  5.9940e-01  ;...
   1.4709e-01  1.4363e+00  8.6392e-01  -1.4831e+00  -2.1294e+00  1.0008e-02  5.9923e-01  ;...
   1.4897e-01  1.4354e+00  8.6379e-01  -1.4827e+00  -2.1293e+00  1.0134e-02  5.9905e-01  ;...
   1.5088e-01  1.4346e+00  8.6365e-01  -1.4823e+00  -2.1293e+00  1.0262e-02  5.9887e-01  ;...
   1.5281e-01  1.4337e+00  8.6351e-01  -1.4819e+00  -2.1292e+00  1.0392e-02  5.9869e-01  ;...
   1.5476e-01  1.4328e+00  8.6336e-01  -1.4816e+00  -2.1291e+00  1.0523e-02  5.9850e-01  ;...
   1.5674e-01  1.4319e+00  8.6322e-01  -1.4812e+00  -2.1290e+00  1.0656e-02  5.9830e-01  ;...
   1.5874e-01  1.4309e+00  8.6306e-01  -1.4808e+00  -2.1289e+00  1.0791e-02  5.9810e-01  ;...
   1.6077e-01  1.4299e+00  8.6291e-01  -1.4804e+00  -2.1288e+00  1.0927e-02  5.9790e-01  ;...
   1.6282e-01  1.4289e+00  8.6275e-01  -1.4800e+00  -2.1287e+00  1.1064e-02  5.9769e-01  ;...
   1.6490e-01  1.4279e+00  8.6258e-01  -1.4796e+00  -2.1286e+00  1.1204e-02  5.9747e-01  ;...
   1.6700e-01  1.4269e+00  8.6242e-01  -1.4792e+00  -2.1285e+00  1.1345e-02  5.9726e-01  ;...
   1.6914e-01  1.4258e+00  8.6224e-01  -1.4788e+00  -2.1283e+00  1.1488e-02  5.9703e-01  ;...
   1.7130e-01  1.4247e+00  8.6207e-01  -1.4784e+00  -2.1282e+00  1.1632e-02  5.9680e-01  ;...
   1.7348e-01  1.4235e+00  8.6188e-01  -1.4780e+00  -2.1281e+00  1.1778e-02  5.9656e-01  ;...
   1.7569e-01  1.4224e+00  8.6170e-01  -1.4776e+00  -2.1279e+00  1.1926e-02  5.9632e-01  ;...
   1.7794e-01  1.4212e+00  8.6151e-01  -1.4772e+00  -2.1278e+00  1.2076e-02  5.9607e-01  ;...
   1.8020e-01  1.4200e+00  8.6131e-01  -1.4768e+00  -2.1277e+00  1.2228e-02  5.9581e-01  ;...
   1.8250e-01  1.4187e+00  8.6111e-01  -1.4763e+00  -2.1275e+00  1.2381e-02  5.9555e-01  ;...
   1.8483e-01  1.4175e+00  8.6091e-01  -1.4759e+00  -2.1273e+00  1.2536e-02  5.9528e-01  ;...
   1.8719e-01  1.4161e+00  8.6070e-01  -1.4755e+00  -2.1272e+00  1.2693e-02  5.9501e-01  ;...
   1.8957e-01  1.4148e+00  8.6048e-01  -1.4750e+00  -2.1270e+00  1.2852e-02  5.9473e-01  ;...
   1.9199e-01  1.4134e+00  8.6026e-01  -1.4746e+00  -2.1268e+00  1.3013e-02  5.9444e-01  ;...
   1.9443e-01  1.4120e+00  8.6004e-01  -1.4741e+00  -2.1266e+00  1.3176e-02  5.9414e-01  ;...
   1.9691e-01  1.4106e+00  8.5981e-01  -1.4737e+00  -2.1265e+00  1.3340e-02  5.9384e-01  ;...
   1.9942e-01  1.4091e+00  8.5957e-01  -1.4732e+00  -2.1262e+00  1.3507e-02  5.9353e-01  ;...
   2.0196e-01  1.4076e+00  8.5932e-01  -1.4728e+00  -2.1260e+00  1.3675e-02  5.9321e-01  ;...
   2.0453e-01  1.4060e+00  8.5908e-01  -1.4723e+00  -2.1258e+00  1.3846e-02  5.9288e-01  ;...
   2.0713e-01  1.4044e+00  8.5882e-01  -1.4718e+00  -2.1256e+00  1.4019e-02  5.9254e-01  ;...
   2.0977e-01  1.4028e+00  8.5856e-01  -1.4713e+00  -2.1253e+00  1.4193e-02  5.9220e-01  ;...
   2.1244e-01  1.4011e+00  8.5829e-01  -1.4708e+00  -2.1251e+00  1.4370e-02  5.9185e-01  ;...
   2.1514e-01  1.3994e+00  8.5801e-01  -1.4704e+00  -2.1248e+00  1.4548e-02  5.9148e-01  ;...
   2.1788e-01  1.3977e+00  8.5773e-01  -1.4699e+00  -2.1246e+00  1.4729e-02  5.9111e-01  ;...
   2.2065e-01  1.3959e+00  8.5744e-01  -1.4694e+00  -2.1243e+00  1.4912e-02  5.9073e-01  ;...
   2.2346e-01  1.3940e+00  8.5715e-01  -1.4688e+00  -2.1240e+00  1.5097e-02  5.9034e-01  ;...
   2.2630e-01  1.3921e+00  8.5684e-01  -1.4683e+00  -2.1237e+00  1.5284e-02  5.8995e-01  ;...
   2.2918e-01  1.3902e+00  8.5653e-01  -1.4678e+00  -2.1234e+00  1.5474e-02  5.8954e-01  ;...
   2.3209e-01  1.3882e+00  8.5622e-01  -1.4673e+00  -2.1230e+00  1.5665e-02  5.8912e-01  ;...
   2.3504e-01  1.3862e+00  8.5589e-01  -1.4667e+00  -2.1227e+00  1.5859e-02  5.8869e-01  ;...
   2.3803e-01  1.3841e+00  8.5556e-01  -1.4662e+00  -2.1223e+00  1.6055e-02  5.8825e-01  ;...
   2.4105e-01  1.3820e+00  8.5521e-01  -1.4656e+00  -2.1219e+00  1.6253e-02  5.8780e-01  ;...
   2.4412e-01  1.3798e+00  8.5486e-01  -1.4651e+00  -2.1215e+00  1.6453e-02  5.8733e-01  ;...
   2.4722e-01  1.3776e+00  8.5450e-01  -1.4645e+00  -2.1211e+00  1.6656e-02  5.8686e-01  ;...
   2.5036e-01  1.3753e+00  8.5413e-01  -1.4639e+00  -2.1207e+00  1.6861e-02  5.8637e-01  ;...
   2.5354e-01  1.3730e+00  8.5376e-01  -1.4634e+00  -2.1202e+00  1.7069e-02  5.8588e-01  ;...
   2.5676e-01  1.3706e+00  8.5337e-01  -1.4628e+00  -2.1198e+00  1.7278e-02  5.8537e-01  ;...
   2.6002e-01  1.3682e+00  8.5298e-01  -1.4622e+00  -2.1193e+00  1.7490e-02  5.8484e-01  ;...
   2.6332e-01  1.3657e+00  8.5257e-01  -1.4615e+00  -2.1188e+00  1.7705e-02  5.8431e-01  ;...
   2.6667e-01  1.3631e+00  8.5216e-01  -1.4609e+00  -2.1182e+00  1.7922e-02  5.8376e-01  ;...
   2.7005e-01  1.3605e+00  8.5173e-01  -1.4603e+00  -2.1177e+00  1.8141e-02  5.8320e-01  ;...
   2.7348e-01  1.3578e+00  8.5129e-01  -1.4596e+00  -2.1171e+00  1.8363e-02  5.8262e-01  ;...
   2.7695e-01  1.3550e+00  8.5085e-01  -1.4590e+00  -2.1165e+00  1.8587e-02  5.8203e-01  ;...
   2.8047e-01  1.3522e+00  8.5039e-01  -1.4583e+00  -2.1158e+00  1.8814e-02  5.8142e-01  ;...
   2.8403e-01  1.3493e+00  8.4992e-01  -1.4577e+00  -2.1152e+00  1.9043e-02  5.8080e-01  ;...
   2.8763e-01  1.3464e+00  8.4944e-01  -1.4570e+00  -2.1145e+00  1.9275e-02  5.8017e-01  ;...
   2.9128e-01  1.3434e+00  8.4895e-01  -1.4563e+00  -2.1138e+00  1.9509e-02  5.7952e-01  ;...
   2.9497e-01  1.3403e+00  8.4845e-01  -1.4555e+00  -2.1130e+00  1.9746e-02  5.7885e-01  ;...
   2.9872e-01  1.3371e+00  8.4794e-01  -1.4548e+00  -2.1122e+00  1.9985e-02  5.7816e-01  ;...
   3.0250e-01  1.3339e+00  8.4741e-01  -1.4541e+00  -2.1114e+00  2.0227e-02  5.7746e-01  ;...
   3.0634e-01  1.3305e+00  8.4687e-01  -1.4533e+00  -2.1105e+00  2.0472e-02  5.7675e-01  ;...
   3.1022e-01  1.3272e+00  8.4632e-01  -1.4526e+00  -2.1096e+00  2.0719e-02  5.7601e-01  ;...
   3.1416e-01  1.3237e+00  8.4575e-01  -1.4518e+00  -2.1087e+00  2.0969e-02  5.7526e-01  ;...
   3.1814e-01  1.3201e+00  8.4517e-01  -1.4510e+00  -2.1077e+00  2.1222e-02  5.7449e-01  ;...
   3.2217e-01  1.3165e+00  8.4458e-01  -1.4501e+00  -2.1067e+00  2.1477e-02  5.7370e-01  ;...
   3.2626e-01  1.3128e+00  8.4397e-01  -1.4493e+00  -2.1056e+00  2.1735e-02  5.7289e-01  ;...
   3.3039e-01  1.3090e+00  8.4335e-01  -1.4485e+00  -2.1045e+00  2.1995e-02  5.7206e-01  ;...
   3.3458e-01  1.3051e+00  8.4272e-01  -1.4476e+00  -2.1033e+00  2.2259e-02  5.7121e-01  ;...
   3.3882e-01  1.3012e+00  8.4206e-01  -1.4467e+00  -2.1021e+00  2.2525e-02  5.7034e-01  ;...
   3.4311e-01  1.2971e+00  8.4140e-01  -1.4458e+00  -2.1008e+00  2.2794e-02  5.6945e-01  ;...
   3.4746e-01  1.2929e+00  8.4072e-01  -1.4448e+00  -2.0995e+00  2.3065e-02  5.6854e-01  ;...
   3.5186e-01  1.2887e+00  8.4002e-01  -1.4439e+00  -2.0981e+00  2.3339e-02  5.6760e-01  ;...
   3.5632e-01  1.2844e+00  8.3930e-01  -1.4429e+00  -2.0967e+00  2.3616e-02  5.6665e-01  ;...
   3.6083e-01  1.2799e+00  8.3857e-01  -1.4419e+00  -2.0951e+00  2.3896e-02  5.6567e-01  ;...
   3.6540e-01  1.2754e+00  8.3782e-01  -1.4409e+00  -2.0936e+00  2.4179e-02  5.6466e-01  ;...
   3.7003e-01  1.2708e+00  8.3706e-01  -1.4398e+00  -2.0919e+00  2.4464e-02  5.6364e-01  ;...
   3.7471e-01  1.2660e+00  8.3628e-01  -1.4387e+00  -2.0902e+00  2.4753e-02  5.6259e-01  ;...
   3.7946e-01  1.2612e+00  8.3548e-01  -1.4376e+00  -2.0884e+00  2.5044e-02  5.6151e-01  ;...
   3.8426e-01  1.2562e+00  8.3466e-01  -1.4365e+00  -2.0865e+00  2.5338e-02  5.6041e-01  ;...
   3.8913e-01  1.2512e+00  8.3382e-01  -1.4353e+00  -2.0845e+00  2.5635e-02  5.5928e-01  ;...
   3.9405e-01  1.2460e+00  8.3296e-01  -1.4341e+00  -2.0825e+00  2.5934e-02  5.5813e-01  ;...
   3.9904e-01  1.2407e+00  8.3208e-01  -1.4329e+00  -2.0803e+00  2.6237e-02  5.5694e-01  ;...
   4.0409e-01  1.2354e+00  8.3118e-01  -1.4316e+00  -2.0781e+00  2.6542e-02  5.5573e-01  ;...
   4.0920e-01  1.2299e+00  8.3027e-01  -1.4303e+00  -2.0758e+00  2.6850e-02  5.5450e-01  ;...
   4.1438e-01  1.2242e+00  8.2933e-01  -1.4290e+00  -2.0733e+00  2.7161e-02  5.5323e-01  ;...
   4.1963e-01  1.2185e+00  8.2837e-01  -1.4276e+00  -2.0708e+00  2.7475e-02  5.5193e-01  ;...
   4.2494e-01  1.2127e+00  8.2739e-01  -1.4262e+00  -2.0681e+00  2.7791e-02  5.5061e-01  ;...
   4.3031e-01  1.2067e+00  8.2638e-01  -1.4247e+00  -2.0654e+00  2.8111e-02  5.4925e-01  ;...
   4.3576e-01  1.2006e+00  8.2536e-01  -1.4232e+00  -2.0625e+00  2.8433e-02  5.4786e-01  ;...
   4.4127e-01  1.1944e+00  8.2431e-01  -1.4217e+00  -2.0594e+00  2.8758e-02  5.4644e-01  ;...
   4.4685e-01  1.1880e+00  8.2323e-01  -1.4201e+00  -2.0563e+00  2.9086e-02  5.4498e-01  ;...
   4.5250e-01  1.1816e+00  8.2214e-01  -1.4184e+00  -2.0530e+00  2.9416e-02  5.4350e-01  ;...
   4.5823e-01  1.1750e+00  8.2102e-01  -1.4167e+00  -2.0496e+00  2.9750e-02  5.4198e-01  ;...
   4.6402e-01  1.1682e+00  8.1987e-01  -1.4150e+00  -2.0460e+00  3.0086e-02  5.4042e-01  ;...
   4.6989e-01  1.1614e+00  8.1870e-01  -1.4132e+00  -2.0423e+00  3.0425e-02  5.3883e-01  ;...
   4.7583e-01  1.1544e+00  8.1751e-01  -1.4113e+00  -2.0384e+00  3.0767e-02  5.3720e-01  ;...
   4.8185e-01  1.1472e+00  8.1628e-01  -1.4094e+00  -2.0344e+00  3.1111e-02  5.3554e-01  ;...
   4.8794e-01  1.1399e+00  8.1504e-01  -1.4074e+00  -2.0301e+00  3.1458e-02  5.3384e-01  ;...
   4.9411e-01  1.1325e+00  8.1376e-01  -1.4054e+00  -2.0257e+00  3.1808e-02  5.3210e-01  ;...
   5.0035e-01  1.1250e+00  8.1246e-01  -1.4033e+00  -2.0212e+00  3.2161e-02  5.3033e-01  ;...
   5.0668e-01  1.1173e+00  8.1113e-01  -1.4011e+00  -2.0164e+00  3.2516e-02  5.2851e-01  ;...
   5.1308e-01  1.1095e+00  8.0977e-01  -1.3988e+00  -2.0114e+00  3.2873e-02  5.2666e-01  ;...
   5.1957e-01  1.1015e+00  8.0838e-01  -1.3965e+00  -2.0062e+00  3.3234e-02  5.2476e-01  ;...
   5.2613e-01  1.0934e+00  8.0697e-01  -1.3941e+00  -2.0008e+00  3.3596e-02  5.2282e-01  ;...
   5.3278e-01  1.0851e+00  8.0552e-01  -1.3916e+00  -1.9952e+00  3.3962e-02  5.2084e-01  ;...
   5.3952e-01  1.0767e+00  8.0404e-01  -1.3891e+00  -1.9894e+00  3.4329e-02  5.1882e-01  ;...
   5.4633e-01  1.0682e+00  8.0254e-01  -1.3864e+00  -1.9833e+00  3.4699e-02  5.1676e-01  ;...
   5.5324e-01  1.0595e+00  8.0100e-01  -1.3836e+00  -1.9770e+00  3.5072e-02  5.1465e-01  ;...
   5.6023e-01  1.0506e+00  7.9943e-01  -1.3808e+00  -1.9704e+00  3.5447e-02  5.1250e-01  ;...
   5.6730e-01  1.0416e+00  7.9783e-01  -1.3779e+00  -1.9636e+00  3.5824e-02  5.1030e-01  ;...
   5.7447e-01  1.0325e+00  7.9619e-01  -1.3748e+00  -1.9564e+00  3.6203e-02  5.0806e-01  ;...
   5.8173e-01  1.0232e+00  7.9453e-01  -1.3717e+00  -1.9490e+00  3.6584e-02  5.0577e-01  ;...
   5.8908e-01  1.0138e+00  7.9283e-01  -1.3684e+00  -1.9414e+00  3.6968e-02  5.0343e-01  ;...
   5.9652e-01  1.0042e+00  7.9109e-01  -1.3651e+00  -1.9334e+00  3.7353e-02  5.0105e-01  ;...
   6.0405e-01  9.9449e-01  7.8932e-01  -1.3616e+00  -1.9251e+00  3.7741e-02  4.9862e-01  ;...
   6.1168e-01  9.8463e-01  7.8752e-01  -1.3580e+00  -1.9165e+00  3.8130e-02  4.9614e-01  ;...
   6.1941e-01  9.7462e-01  7.8568e-01  -1.3542e+00  -1.9075e+00  3.8522e-02  4.9361e-01  ;...
   6.2723e-01  9.6447e-01  7.8381e-01  -1.3504e+00  -1.8982e+00  3.8915e-02  4.9104e-01  ;...
   6.3515e-01  9.5417e-01  7.8190e-01  -1.3464e+00  -1.8886e+00  3.9309e-02  4.8841e-01  ;...
   6.4317e-01  9.4374e-01  7.7995e-01  -1.3423e+00  -1.8786e+00  3.9706e-02  4.8573e-01  ;...
   6.5129e-01  9.3317e-01  7.7797e-01  -1.3380e+00  -1.8683e+00  4.0104e-02  4.8300e-01  ;...
   6.5951e-01  9.2246e-01  7.7595e-01  -1.3336e+00  -1.8576e+00  4.0503e-02  4.8022e-01  ;...
   6.6784e-01  9.1162e-01  7.7390e-01  -1.3290e+00  -1.8465e+00  4.0903e-02  4.7739e-01  ;...
   6.7627e-01  9.0064e-01  7.7180e-01  -1.3243e+00  -1.8350e+00  4.1305e-02  4.7451e-01  ;...
   6.8481e-01  8.8954e-01  7.6967e-01  -1.3194e+00  -1.8231e+00  4.1708e-02  4.7158e-01  ;...
   6.9346e-01  8.7831e-01  7.6750e-01  -1.3144e+00  -1.8107e+00  4.2112e-02  4.6859e-01  ;...
   7.0221e-01  8.6695e-01  7.6529e-01  -1.3092e+00  -1.7980e+00  4.2517e-02  4.6555e-01  ;...
   7.1107e-01  8.5548e-01  7.6304e-01  -1.3038e+00  -1.7848e+00  4.2923e-02  4.6246e-01  ;...
   7.2005e-01  8.4389e-01  7.6075e-01  -1.2982e+00  -1.7712e+00  4.3330e-02  4.5932e-01  ;...
   7.2914e-01  8.3218e-01  7.5842e-01  -1.2925e+00  -1.7572e+00  4.3737e-02  4.5612e-01  ;...
   7.3834e-01  8.2037e-01  7.5605e-01  -1.2865e+00  -1.7427e+00  4.4144e-02  4.5287e-01  ;...
   7.4766e-01  8.0845e-01  7.5364e-01  -1.2804e+00  -1.7277e+00  4.4552e-02  4.4957e-01  ;...
   7.5709e-01  7.9643e-01  7.5119e-01  -1.2740e+00  -1.7123e+00  4.4961e-02  4.4622e-01  ;...
   7.6665e-01  7.8432e-01  7.4870e-01  -1.2675e+00  -1.6964e+00  4.5369e-02  4.4281e-01  ;...
   7.7632e-01  7.7212e-01  7.4617e-01  -1.2608e+00  -1.6800e+00  4.5777e-02  4.3935e-01  ;...
   7.8612e-01  7.5983e-01  7.4359e-01  -1.2538e+00  -1.6631e+00  4.6185e-02  4.3584e-01  ;...
   7.9604e-01  7.4747e-01  7.4098e-01  -1.2466e+00  -1.6458e+00  4.6593e-02  4.3228e-01  ;...
   8.0608e-01  7.3503e-01  7.3833e-01  -1.2393e+00  -1.6279e+00  4.7001e-02  4.2867e-01  ;...
   8.1625e-01  7.2253e-01  7.3563e-01  -1.2316e+00  -1.6096e+00  4.7408e-02  4.2501e-01  ;...
   8.2655e-01  7.0996e-01  7.3289e-01  -1.2238e+00  -1.5908e+00  4.7814e-02  4.2130e-01  ;...
   8.3698e-01  6.9735e-01  7.3011e-01  -1.2157e+00  -1.5715e+00  4.8219e-02  4.1754e-01  ;...
   8.4754e-01  6.8468e-01  7.2729e-01  -1.2074e+00  -1.5517e+00  4.8623e-02  4.1373e-01  ;...
   8.5823e-01  6.7198e-01  7.2443e-01  -1.1989e+00  -1.5314e+00  4.9026e-02  4.0987e-01  ;...
   8.6906e-01  6.5925e-01  7.2152e-01  -1.1901e+00  -1.5106e+00  4.9428e-02  4.0597e-01  ;...
   8.8002e-01  6.4650e-01  7.1858e-01  -1.1811e+00  -1.4894e+00  4.9828e-02  4.0203e-01  ;...
   8.9112e-01  6.3373e-01  7.1559e-01  -1.1718e+00  -1.4677e+00  5.0227e-02  3.9804e-01  ;...
   9.0236e-01  6.2095e-01  7.1256e-01  -1.1623e+00  -1.4455e+00  5.0624e-02  3.9400e-01  ;...
   9.1374e-01  6.0818e-01  7.0949e-01  -1.1525e+00  -1.4229e+00  5.1019e-02  3.8993e-01  ;...
   9.2526e-01  5.9541e-01  7.0638e-01  -1.1425e+00  -1.3998e+00  5.1412e-02  3.8581e-01  ;...
   9.3693e-01  5.8266e-01  7.0323e-01  -1.1323e+00  -1.3764e+00  5.1802e-02  3.8166e-01  ;...
   9.4875e-01  5.6994e-01  7.0004e-01  -1.1218e+00  -1.3525e+00  5.2191e-02  3.7747e-01  ;...
   9.6072e-01  5.5725e-01  6.9681e-01  -1.1111e+00  -1.3283e+00  5.2576e-02  3.7325e-01  ;...
   9.7283e-01  5.4461e-01  6.9354e-01  -1.1001e+00  -1.3036e+00  5.2959e-02  3.6899e-01  ;...
   9.8510e-01  5.3202e-01  6.9022e-01  -1.0889e+00  -1.2787e+00  5.3339e-02  3.6470e-01  ;...
   9.9752e-01  5.1949e-01  6.8687e-01  -1.0774e+00  -1.2534e+00  5.3716e-02  3.6038e-01  ;...
   1.0101e+00  5.0704e-01  6.8348e-01  -1.0657e+00  -1.2279e+00  5.4090e-02  3.5603e-01  ;...
   1.0228e+00  4.9466e-01  6.8006e-01  -1.0538e+00  -1.2021e+00  5.4460e-02  3.5166e-01  ;...
   1.0357e+00  4.8237e-01  6.7659e-01  -1.0417e+00  -1.1761e+00  5.4827e-02  3.4727e-01  ;...
   1.0488e+00  4.7018e-01  6.7309e-01  -1.0294e+00  -1.1499e+00  5.5191e-02  3.4285e-01  ;...
   1.0620e+00  4.5810e-01  6.6955e-01  -1.0169e+00  -1.1235e+00  5.5550e-02  3.3842e-01  ;...
   1.0754e+00  4.4613e-01  6.6597e-01  -1.0041e+00  -1.0971e+00  5.5906e-02  3.3396e-01  ;...
   1.0890e+00  4.3428e-01  6.6236e-01  -9.9124e-01  -1.0706e+00  5.6258e-02  3.2950e-01  ;...
   1.1027e+00  4.2256e-01  6.5871e-01  -9.7817e-01  -1.0441e+00  5.6605e-02  3.2502e-01  ;...
   1.1166e+00  4.1099e-01  6.5503e-01  -9.6495e-01  -1.0177e+00  5.6948e-02  3.2054e-01  ;...
   1.1307e+00  3.9955e-01  6.5131e-01  -9.5159e-01  -9.9129e-01  5.7287e-02  3.1605e-01  ;...
   1.1449e+00  3.8827e-01  6.4756e-01  -9.3810e-01  -9.6508e-01  5.7622e-02  3.1156e-01  ;...
   1.1594e+00  3.7715e-01  6.4378e-01  -9.2451e-01  -9.3906e-01  5.7952e-02  3.0706e-01  ;...
   1.1740e+00  3.6620e-01  6.3997e-01  -9.1082e-01  -9.1331e-01  5.8277e-02  3.0257e-01  ;...
   1.1888e+00  3.5542e-01  6.3612e-01  -8.9707e-01  -8.8788e-01  5.8597e-02  2.9809e-01  ;...
   1.2038e+00  3.4482e-01  6.3225e-01  -8.8326e-01  -8.6284e-01  5.8913e-02  2.9361e-01  ;...
   1.2189e+00  3.3440e-01  6.2834e-01  -8.6943e-01  -8.3825e-01  5.9223e-02  2.8914e-01  ;...
   1.2343e+00  3.2417e-01  6.2441e-01  -8.5559e-01  -8.1417e-01  5.9529e-02  2.8468e-01  ;...
   1.2498e+00  3.1413e-01  6.2044e-01  -8.4177e-01  -7.9067e-01  5.9830e-02  2.8024e-01  ;...
   1.2656e+00  3.0429e-01  6.1646e-01  -8.2800e-01  -7.6782e-01  6.0125e-02  2.7581e-01  ;...
   1.2815e+00  2.9466e-01  6.1244e-01  -8.1429e-01  -7.4567e-01  6.0415e-02  2.7141e-01  ;...
   1.2977e+00  2.8522e-01  6.0840e-01  -8.0069e-01  -7.2431e-01  6.0700e-02  2.6703e-01  ;...
   1.3141e+00  2.7599e-01  6.0434e-01  -7.8720e-01  -7.0379e-01  6.0980e-02  2.6268e-01  ;...
   1.3306e+00  2.6697e-01  6.0025e-01  -7.7387e-01  -6.8417e-01  6.1255e-02  2.5835e-01  ;...
   1.3474e+00  2.5816e-01  5.9614e-01  -7.6072e-01  -6.6551e-01  6.1524e-02  2.5405e-01  ;...
   1.3644e+00  2.4956e-01  5.9200e-01  -7.4778e-01  -6.4788e-01  6.1787e-02  2.4978e-01  ;...
   1.3816e+00  2.4117e-01  5.8785e-01  -7.3508e-01  -6.3132e-01  6.2046e-02  2.4555e-01  ;...
   1.3990e+00  2.3299e-01  5.8368e-01  -7.2264e-01  -6.1588e-01  6.2299e-02  2.4135e-01  ;...
   1.4166e+00  2.2503e-01  5.7948e-01  -7.1050e-01  -6.0161e-01  6.2546e-02  2.3718e-01  ;...
   1.4344e+00  2.1727e-01  5.7527e-01  -6.9867e-01  -5.8854e-01  6.2788e-02  2.3306e-01  ;...
   1.4525e+00  2.0972e-01  5.7104e-01  -6.8718e-01  -5.7670e-01  6.3024e-02  2.2897e-01  ;...
   1.4708e+00  2.0237e-01  5.6680e-01  -6.7606e-01  -5.6611e-01  6.3255e-02  2.2493e-01  ;...
   1.4893e+00  1.9523e-01  5.6254e-01  -6.6532e-01  -5.5678e-01  6.3480e-02  2.2092e-01  ;...
   1.5081e+00  1.8829e-01  5.5827e-01  -6.5499e-01  -5.4870e-01  6.3699e-02  2.1696e-01  ;...
   1.5271e+00  1.8154e-01  5.5398e-01  -6.4506e-01  -5.4186e-01  6.3912e-02  2.1304e-01  ;...
   1.5464e+00  1.7499e-01  5.4968e-01  -6.3557e-01  -5.3624e-01  6.4120e-02  2.0916e-01  ;...
   1.5658e+00  1.6864e-01  5.4537e-01  -6.2650e-01  -5.3178e-01  6.4322e-02  2.0533e-01  ;...
   1.5856e+00  1.6246e-01  5.4104e-01  -6.1786e-01  -5.2843e-01  6.4517e-02  2.0153e-01  ;...
   1.6055e+00  1.5647e-01  5.3671e-01  -6.0965e-01  -5.2610e-01  6.4707e-02  1.9778e-01  ;...
   1.6258e+00  1.5066e-01  5.3237e-01  -6.0186e-01  -5.2472e-01  6.4890e-02  1.9407e-01  ;...
   1.6462e+00  1.4502e-01  5.2802e-01  -5.9446e-01  -5.2415e-01  6.5067e-02  1.9041e-01  ;...
   1.6670e+00  1.3955e-01  5.2367e-01  -5.8744e-01  -5.2427e-01  6.5237e-02  1.8678e-01  ;...
   1.6880e+00  1.3424e-01  5.1930e-01  -5.8076e-01  -5.2492e-01  6.5400e-02  1.8320e-01  ;...
   1.7092e+00  1.2909e-01  5.1494e-01  -5.7438e-01  -5.2594e-01  6.5556e-02  1.7965e-01  ;...
   1.7308e+00  1.2410e-01  5.1057e-01  -5.6827e-01  -5.2715e-01  6.5705e-02  1.7614e-01  ;...
   1.7526e+00  1.1926e-01  5.0619e-01  -5.6236e-01  -5.2834e-01  6.5847e-02  1.7267e-01  ;...
   1.7747e+00  1.1456e-01  5.0181e-01  -5.5662e-01  -5.2932e-01  6.5981e-02  1.6923e-01  ;...
   1.7970e+00  1.1000e-01  4.9743e-01  -5.5097e-01  -5.2989e-01  6.6107e-02  1.6583e-01  ;...
   1.8196e+00  1.0559e-01  4.9305e-01  -5.4535e-01  -5.2983e-01  6.6225e-02  1.6247e-01  ;...
   1.8426e+00  1.0130e-01  4.8868e-01  -5.3971e-01  -5.2898e-01  6.6334e-02  1.5914e-01  ;...
   1.8658e+00  9.7149e-02  4.8430e-01  -5.3400e-01  -5.2718e-01  6.6435e-02  1.5584e-01  ;...
   1.8893e+00  9.3123e-02  4.7992e-01  -5.2816e-01  -5.2433e-01  6.6527e-02  1.5258e-01  ;...
   1.9131e+00  8.9222e-02  4.7555e-01  -5.2218e-01  -5.2041e-01  6.6610e-02  1.4935e-01  ;...
   1.9372e+00  8.5443e-02  4.7118e-01  -5.1606e-01  -5.1546e-01  6.6683e-02  1.4615e-01  ;...
   1.9616e+00  8.1784e-02  4.6681e-01  -5.0978e-01  -5.0971e-01  6.6748e-02  1.4299e-01  ;...
   1.9863e+00  7.8242e-02  4.6245e-01  -5.0346e-01  -5.0346e-01  6.6802e-02  1.3986e-01  ;...
   2.0113e+00  7.4815e-02  4.5809e-01  -4.9720e-01  -4.9720e-01  6.6847e-02  1.3676e-01  ;...
   2.0366e+00  7.1502e-02  4.5375e-01  -4.9101e-01  -4.9101e-01  6.6882e-02  1.3370e-01  ;...
   2.0623e+00  6.8301e-02  4.4941e-01  -4.8491e-01  -4.8491e-01  6.6907e-02  1.3067e-01  ;...
   2.0882e+00  6.5208e-02  4.4508e-01  -4.7888e-01  -4.7888e-01  6.6922e-02  1.2768e-01  ;...
   2.1145e+00  6.2223e-02  4.4076e-01  -4.7292e-01  -4.7292e-01  6.6927e-02  1.2472e-01  ;...
   2.1411e+00  5.9342e-02  4.3645e-01  -4.6704e-01  -4.6704e-01  6.6921e-02  1.2180e-01  ;...
   2.1681e+00  5.6564e-02  4.3215e-01  -4.6123e-01  -4.6123e-01  6.6904e-02  1.1892e-01  ;...
   2.1954e+00  5.3886e-02  4.2786e-01  -4.5549e-01  -4.5549e-01  6.6877e-02  1.1607e-01  ;...
   2.2231e+00  5.1307e-02  4.2359e-01  -4.4983e-01  -4.4983e-01  6.6839e-02  1.1326e-01  ;...
   2.2511e+00  4.8824e-02  4.1933e-01  -4.4424e-01  -4.4424e-01  6.6790e-02  1.1048e-01  ;...
   2.2794e+00  4.6434e-02  4.1508e-01  -4.3871e-01  -4.3871e-01  6.6731e-02  1.0774e-01  ;...
   2.3081e+00  4.4136e-02  4.1085e-01  -4.3326e-01  -4.3326e-01  6.6660e-02  1.0504e-01  ;...
   2.3372e+00  4.1927e-02  4.0664e-01  -4.2787e-01  -4.2787e-01  6.6577e-02  1.0238e-01  ;...
   2.3666e+00  3.9805e-02  4.0244e-01  -4.2255e-01  -4.2255e-01  6.6484e-02  9.9756e-02  ;...
   2.3964e+00  3.7768e-02  3.9826e-01  -4.1729e-01  -4.1729e-01  6.6379e-02  9.7170e-02  ;...
   2.4266e+00  3.5814e-02  3.9410e-01  -4.1210e-01  -4.1210e-01  6.6262e-02  9.4623e-02  ;...
   2.4571e+00  3.3940e-02  3.8996e-01  -4.0698e-01  -4.0698e-01  6.6134e-02  9.2114e-02  ;...
   2.4881e+00  3.2144e-02  3.8583e-01  -4.0192e-01  -4.0192e-01  6.5995e-02  8.9644e-02  ;...
   2.5194e+00  3.0424e-02  3.8173e-01  -3.9692e-01  -3.9692e-01  6.5843e-02  8.7213e-02  ;...
   2.5511e+00  2.8778e-02  3.7765e-01  -3.9199e-01  -3.9199e-01  6.5680e-02  8.4821e-02  ;...
   2.5832e+00  2.7204e-02  3.7359e-01  -3.8711e-01  -3.8711e-01  6.5505e-02  8.2468e-02  ;...
   2.6158e+00  2.5699e-02  3.6955e-01  -3.8230e-01  -3.8230e-01  6.5318e-02  8.0154e-02  ;...
   2.6487e+00  2.4261e-02  3.6554e-01  -3.7755e-01  -3.7755e-01  6.5119e-02  7.7880e-02  ;...
   2.6820e+00  2.2889e-02  3.6155e-01  -3.7285e-01  -3.7285e-01  6.4908e-02  7.5645e-02  ;...
   2.7158e+00  2.1579e-02  3.5758e-01  -3.6822e-01  -3.6822e-01  6.4684e-02  7.3449e-02  ;...
   2.7500e+00  2.0331e-02  3.5364e-01  -3.6364e-01  -3.6364e-01  6.4449e-02  7.1293e-02  ;...
   2.7846e+00  1.9142e-02  3.4972e-01  -3.5912e-01  -3.5912e-01  6.4202e-02  6.9177e-02  ;...
   2.8197e+00  1.8010e-02  3.4583e-01  -3.5465e-01  -3.5465e-01  6.3943e-02  6.7100e-02  ;...
   2.8552e+00  1.6932e-02  3.4196e-01  -3.5024e-01  -3.5024e-01  6.3671e-02  6.5062e-02  ;...
   2.8911e+00  1.5908e-02  3.3812e-01  -3.4589e-01  -3.4589e-01  6.3388e-02  6.3064e-02  ;...
   2.9275e+00  1.4935e-02  3.3431e-01  -3.4159e-01  -3.4159e-01  6.3092e-02  6.1105e-02  ;...
   2.9644e+00  1.4012e-02  3.3053e-01  -3.3734e-01  -3.3734e-01  6.2784e-02  5.9185e-02  ;...
   3.0017e+00  1.3135e-02  3.2677e-01  -3.3315e-01  -3.3315e-01  6.2465e-02  5.7305e-02  ;...
   3.0395e+00  1.2305e-02  3.2304e-01  -3.2900e-01  -3.2900e-01  6.2133e-02  5.5463e-02  ;...
   3.0777e+00  1.1518e-02  3.1935e-01  -3.2491e-01  -3.2491e-01  6.1789e-02  5.3660e-02  ;...
   3.1165e+00  1.0773e-02  3.1568e-01  -3.2087e-01  -3.2087e-01  6.1433e-02  5.1896e-02  ;...
   3.1557e+00  1.0068e-02  3.1203e-01  -3.1689e-01  -3.1689e-01  6.1066e-02  5.0171e-02  ;...
   3.1954e+00  9.4027e-03  3.0842e-01  -3.1295e-01  -3.1295e-01  6.0686e-02  4.8484e-02  ;...
   3.2357e+00  8.7740e-03  3.0484e-01  -3.0906e-01  -3.0906e-01  6.0295e-02  4.6835e-02  ;...
   3.2764e+00  8.1807e-03  3.0129e-01  -3.0521e-01  -3.0521e-01  5.9893e-02  4.5224e-02  ;...
   3.3176e+00  7.6214e-03  2.9777e-01  -3.0142e-01  -3.0142e-01  5.9479e-02  4.3650e-02  ;...
   3.3594e+00  7.0944e-03  2.9428e-01  -2.9767e-01  -2.9767e-01  5.9053e-02  4.2114e-02  ;...
   3.4017e+00  6.5984e-03  2.9082e-01  -2.9397e-01  -2.9397e-01  5.8616e-02  4.0615e-02  ;...
   3.4445e+00  6.1320e-03  2.8740e-01  -2.9032e-01  -2.9032e-01  5.8168e-02  3.9153e-02  ;...
   3.4879e+00  5.6936e-03  2.8400e-01  -2.8671e-01  -2.8671e-01  5.7709e-02  3.7728e-02  ;...
   3.5318e+00  5.2820e-03  2.8063e-01  -2.8314e-01  -2.8314e-01  5.7239e-02  3.6339e-02  ;...
   3.5762e+00  4.8959e-03  2.7730e-01  -2.7962e-01  -2.7962e-01  5.6758e-02  3.4985e-02  ;...
   3.6212e+00  4.5340e-03  2.7400e-01  -2.7615e-01  -2.7615e-01  5.6266e-02  3.3668e-02  ;...
   3.6668e+00  4.1951e-03  2.7073e-01  -2.7272e-01  -2.7272e-01  5.5765e-02  3.2385e-02  ;...
   3.7130e+00  3.8781e-03  2.6749e-01  -2.6933e-01  -2.6933e-01  5.5252e-02  3.1137e-02  ;...
   3.7597e+00  3.5817e-03  2.6429e-01  -2.6598e-01  -2.6598e-01  5.4730e-02  2.9924e-02  ;...
   3.8070e+00  3.3049e-03  2.6111e-01  -2.6267e-01  -2.6267e-01  5.4198e-02  2.8744e-02  ;...
   3.8549e+00  3.0467e-03  2.5797e-01  -2.5941e-01  -2.5941e-01  5.3656e-02  2.7598e-02  ;...
   3.9035e+00  2.8060e-03  2.5486e-01  -2.5618e-01  -2.5618e-01  5.3105e-02  2.6486e-02  ;...
   3.9526e+00  2.5818e-03  2.5179e-01  -2.5300e-01  -2.5300e-01  5.2544e-02  2.5406e-02  ;...
   4.0023e+00  2.3732e-03  2.4874e-01  -2.4985e-01  -2.4985e-01  5.1975e-02  2.4358e-02  ;...
   4.0527e+00  2.1794e-03  2.4573e-01  -2.4675e-01  -2.4675e-01  5.1397e-02  2.3342e-02  ;...
   4.1037e+00  1.9994e-03  2.4274e-01  -2.4368e-01  -2.4368e-01  5.0810e-02  2.2357e-02  ;...
   4.1554e+00  1.8324e-03  2.3979e-01  -2.4065e-01  -2.4065e-01  5.0215e-02  2.1403e-02  ;...
   4.2077e+00  1.6777e-03  2.3688e-01  -2.3766e-01  -2.3766e-01  4.9612e-02  2.0480e-02  ;...
   4.2606e+00  1.5345e-03  2.3399e-01  -2.3471e-01  -2.3471e-01  4.9001e-02  1.9586e-02  ;...
   4.3143e+00  1.4020e-03  2.3114e-01  -2.3179e-01  -2.3179e-01  4.8383e-02  1.8722e-02  ;...
   4.3686e+00  1.2796e-03  2.2831e-01  -2.2891e-01  -2.2891e-01  4.7758e-02  1.7886e-02  ;...
   4.4235e+00  1.1667e-03  2.2552e-01  -2.2606e-01  -2.2606e-01  4.7125e-02  1.7079e-02  ;...
   4.4792e+00  1.0626e-03  2.2276e-01  -2.2325e-01  -2.2325e-01  4.6487e-02  1.6299e-02  ;...
   4.5356e+00  9.6674e-04  2.2003e-01  -2.2048e-01  -2.2048e-01  4.5842e-02  1.5546e-02  ;...
   4.5927e+00  8.7857e-04  2.1733e-01  -2.1774e-01  -2.1774e-01  4.5191e-02  1.4820e-02  ;...
   4.6505e+00  7.9755e-04  2.1466e-01  -2.1503e-01  -2.1503e-01  4.4534e-02  1.4120e-02  ;...
   4.7090e+00  7.2319e-04  2.1202e-01  -2.1236e-01  -2.1236e-01  4.3872e-02  1.3446e-02  ;...
   4.7683e+00  6.5501e-04  2.0942e-01  -2.0972e-01  -2.0972e-01  4.3206e-02  1.2797e-02  ;...
   4.8283e+00  5.9259e-04  2.0684e-01  -2.0711e-01  -2.0711e-01  4.2534e-02  1.2172e-02  ;...
   4.8890e+00  5.3549e-04  2.0429e-01  -2.0454e-01  -2.0454e-01  4.1859e-02  1.1570e-02  ;...
   4.9506e+00  4.8333e-04  2.0177e-01  -2.0200e-01  -2.0200e-01  4.1180e-02  1.0992e-02  ;...
   5.0129e+00  4.3573e-04  1.9929e-01  -1.9949e-01  -1.9949e-01  4.0497e-02  1.0437e-02  ;...
   5.0759e+00  3.9235e-04  1.9683e-01  -1.9701e-01  -1.9701e-01  3.9811e-02  9.9039e-03  ;...
   5.1398e+00  3.5286e-04  1.9440e-01  -1.9456e-01  -1.9456e-01  3.9122e-02  9.3923e-03  ;...
   5.2045e+00  3.1696e-04  1.9199e-01  -1.9214e-01  -1.9214e-01  3.8430e-02  8.9016e-03  ;...
   5.2700e+00  2.8435e-04  1.8962e-01  -1.8975e-01  -1.8975e-01  3.7737e-02  8.4314e-03  ;...
   5.3363e+00  2.5478e-04  1.8728e-01  -1.8740e-01  -1.8740e-01  3.7042e-02  7.9810e-03  ;...
   5.4035e+00  2.2800e-04  1.8496e-01  -1.8507e-01  -1.8507e-01  3.6346e-02  7.5499e-03  ;...
   5.4715e+00  2.0377e-04  1.8267e-01  -1.8277e-01  -1.8277e-01  3.5648e-02  7.1375e-03  ;...
   5.5403e+00  1.8188e-04  1.8041e-01  -1.8049e-01  -1.8049e-01  3.4951e-02  6.7432e-03  ;...
   5.6100e+00  1.6213e-04  1.7818e-01  -1.7825e-01  -1.7825e-01  3.4253e-02  6.3666e-03  ;...
   5.6806e+00  1.4434e-04  1.7597e-01  -1.7604e-01  -1.7604e-01  3.3555e-02  6.0070e-03  ;...
   5.7521e+00  1.2832e-04  1.7379e-01  -1.7385e-01  -1.7385e-01  3.2858e-02  5.6640e-03  ;...
   5.8245e+00  1.1393e-04  1.7164e-01  -1.7169e-01  -1.7169e-01  3.2162e-02  5.3369e-03  ;...
   5.8978e+00  1.0101e-04  1.6951e-01  -1.6955e-01  -1.6955e-01  3.1467e-02  5.0253e-03  ;...
   5.9720e+00  8.9439e-05  1.6741e-01  -1.6745e-01  -1.6745e-01  3.0775e-02  4.7286e-03  ;...
   6.0472e+00  7.9080e-05  1.6533e-01  -1.6537e-01  -1.6537e-01  3.0084e-02  4.4463e-03  ;...
   6.1233e+00  6.9822e-05  1.6328e-01  -1.6331e-01  -1.6331e-01  2.9396e-02  4.1780e-03  ;...
   6.2003e+00  6.1560e-05  1.6125e-01  -1.6128e-01  -1.6128e-01  2.8711e-02  3.9230e-03  ;...
   6.2783e+00  5.4197e-05  1.5925e-01  -1.5928e-01  -1.5928e-01  2.8029e-02  3.6809e-03  ;...
   6.3573e+00  4.7646e-05  1.5728e-01  -1.5730e-01  -1.5730e-01  2.7350e-02  3.4513e-03  ;...
   6.4373e+00  4.1825e-05  1.5532e-01  -1.5534e-01  -1.5534e-01  2.6676e-02  3.2336e-03  ;...
   6.5183e+00  3.6660e-05  1.5340e-01  -1.5341e-01  -1.5341e-01  2.6006e-02  3.0274e-03  ;...
   6.6004e+00  3.2085e-05  1.5149e-01  -1.5151e-01  -1.5151e-01  2.5341e-02  2.8322e-03  ;...
   6.6834e+00  2.8038e-05  1.4961e-01  -1.4962e-01  -1.4962e-01  2.4681e-02  2.6476e-03  ;...
   6.7675e+00  2.4464e-05  1.4775e-01  -1.4776e-01  -1.4776e-01  2.4027e-02  2.4731e-03  ;...
   6.8527e+00  2.1313e-05  1.4592e-01  -1.4593e-01  -1.4593e-01  2.3378e-02  2.3083e-03  ;...
   6.9389e+00  1.8538e-05  1.4411e-01  -1.4412e-01  -1.4412e-01  2.2736e-02  2.1528e-03  ;...
   7.0262e+00  1.6099e-05  1.4232e-01  -1.4232e-01  -1.4232e-01  2.2100e-02  2.0062e-03  ;...
   7.1146e+00  1.3958e-05  1.4055e-01  -1.4056e-01  -1.4056e-01  2.1470e-02  1.8680e-03  ;...
   7.2041e+00  1.2083e-05  1.3880e-01  -1.3881e-01  -1.3881e-01  2.0848e-02  1.7380e-03  ;...
   7.2948e+00  1.0442e-05  1.3708e-01  -1.3708e-01  -1.3708e-01  2.0233e-02  1.6157e-03  ;...
   7.3866e+00  9.0092e-06  1.3538e-01  -1.3538e-01  -1.3538e-01  1.9626e-02  1.5008e-03  ;...
   7.4795e+00  7.7599e-06  1.3369e-01  -1.3370e-01  -1.3370e-01  1.9027e-02  1.3928e-03  ;...
   7.5736e+00  6.6726e-06  1.3203e-01  -1.3204e-01  -1.3204e-01  1.8436e-02  1.2916e-03  ;...
   7.6689e+00  5.7278e-06  1.3039e-01  -1.3040e-01  -1.3040e-01  1.7853e-02  1.1966e-03  ;...
   7.7654e+00  4.9083e-06  1.2877e-01  -1.2878e-01  -1.2878e-01  1.7280e-02  1.1077e-03  ;...
   7.8631e+00  4.1987e-06  1.2717e-01  -1.2718e-01  -1.2718e-01  1.6715e-02  1.0245e-03  ;...
   7.9621e+00  3.5854e-06  1.2559e-01  -1.2560e-01  -1.2560e-01  1.6159e-02  9.4675e-04  ;...
   8.0622e+00  3.0561e-06  1.2403e-01  -1.2403e-01  -1.2403e-01  1.5613e-02  8.7409e-04  ;...
   8.1637e+00  2.6003e-06  1.2249e-01  -1.2249e-01  -1.2249e-01  1.5076e-02  8.0628e-04  ;...
   8.2664e+00  2.2084e-06  1.2097e-01  -1.2097e-01  -1.2097e-01  1.4550e-02  7.4304e-04  ;...
   8.3704e+00  1.8722e-06  1.1947e-01  -1.1947e-01  -1.1947e-01  1.4033e-02  6.8414e-04  ;...
   8.4757e+00  1.5841e-06  1.1798e-01  -1.1798e-01  -1.1798e-01  1.3526e-02  6.2931e-04  ;...
   8.5824e+00  1.3379e-06  1.1652e-01  -1.1652e-01  -1.1652e-01  1.3030e-02  5.7834e-04  ;...
   8.6904e+00  1.1278e-06  1.1507e-01  -1.1507e-01  -1.1507e-01  1.2544e-02  5.3098e-04  ;...
   8.7997e+00  9.4881e-07  1.1364e-01  -1.1364e-01  -1.1364e-01  1.2068e-02  4.8703e-04  ;...
   8.9104e+00  7.9669e-07  1.1223e-01  -1.1223e-01  -1.1223e-01  1.1603e-02  4.4629e-04  ;...
   9.0225e+00  6.6765e-07  1.1083e-01  -1.1083e-01  -1.1083e-01  1.1149e-02  4.0855e-04  ;...
   9.1361e+00  5.5839e-07  1.0946e-01  -1.0946e-01  -1.0946e-01  1.0706e-02  3.7363e-04  ;...
   9.2510e+00  4.6607e-07  1.0810e-01  -1.0810e-01  -1.0810e-01  1.0274e-02  3.4135e-04  ;...
   9.3674e+00  3.8822e-07  1.0675e-01  -1.0675e-01  -1.0675e-01  9.8520e-03  3.1154e-04  ;...
   9.4853e+00  3.2270e-07  1.0543e-01  -1.0543e-01  -1.0543e-01  9.4414e-03  2.8404e-04  ;...
   9.6046e+00  2.6769e-07  1.0412e-01  -1.0412e-01  -1.0412e-01  9.0418e-03  2.5869e-04  ;...
   9.7254e+00  2.2158e-07  1.0282e-01  -1.0282e-01  -1.0282e-01  8.6531e-03  2.3536e-04  ;...
   9.8478e+00  1.8303e-07  1.0155e-01  -1.0155e-01  -1.0155e-01  8.2754e-03  2.1391e-04  ;...
   9.9717e+00  1.5085e-07  1.0028e-01  -1.0028e-01  -1.0028e-01  7.9087e-03  1.9420e-04  ;...
   1.0097e+01  1.2407e-07  9.9038e-02  -9.9038e-02  -9.9038e-02  7.5528e-03  1.7612e-04  ;...
   1.0224e+01  1.0181e-07  9.7807e-02  -9.7807e-02  -9.7807e-02  7.2078e-03  1.5954e-04  ;...
   1.0353e+01  8.3359e-08  9.6592e-02  -9.6592e-02  -9.6592e-02  6.8736e-03  1.4436e-04  ;...
   1.0483e+01  6.8099e-08  9.5392e-02  -9.5392e-02  -9.5392e-02  6.5501e-03  1.3048e-04  ;...
   1.0615e+01  5.5505e-08  9.4206e-02  -9.4206e-02  -9.4206e-02  6.2372e-03  1.1780e-04  ;...
   1.0749e+01  4.5135e-08  9.3036e-02  -9.3036e-02  -9.3036e-02  5.9348e-03  1.0623e-04  ;...
   1.0884e+01  3.6618e-08  9.1880e-02  -9.1880e-02  -9.1880e-02  5.6429e-03  9.5679e-05  ;...
   1.1021e+01  2.9637e-08  9.0738e-02  -9.0738e-02  -9.0738e-02  5.3613e-03  8.6077e-05  ;...
   1.1159e+01  2.3930e-08  8.9611e-02  -8.9611e-02  -8.9611e-02  5.0898e-03  7.7346e-05  ;...
   1.1300e+01  1.9275e-08  8.8498e-02  -8.8498e-02  -8.8498e-02  4.8283e-03  6.9417e-05  ;...
   1.1442e+01  1.5487e-08  8.7398e-02  -8.7398e-02  -8.7398e-02  4.5767e-03  6.2224e-05  ;...
   1.1586e+01  1.2413e-08  8.6312e-02  -8.6312e-02  -8.6312e-02  4.3348e-03  5.5708e-05  ;...
   1.1732e+01  9.9246e-09  8.5240e-02  -8.5240e-02  -8.5240e-02  4.1024e-03  4.9811e-05  ;...
   1.1879e+01  7.9147e-09  8.4181e-02  -8.4181e-02  -8.4181e-02  3.8793e-03  4.4482e-05  ;...
   1.2029e+01  6.2956e-09  8.3135e-02  -8.3135e-02  -8.3135e-02  3.6654e-03  3.9672e-05  ;...
   1.2180e+01  4.9947e-09  8.2102e-02  -8.2102e-02  -8.2102e-02  3.4605e-03  3.5337e-05  ;...
   1.2333e+01  3.9523e-09  8.1082e-02  -8.1082e-02  -8.1082e-02  3.2644e-03  3.1434e-05  ;...
   1.2488e+01  3.1191e-09  8.0074e-02  -8.0074e-02  -8.0074e-02  3.0768e-03  2.7924e-05  ;...
   1.2646e+01  2.4549e-09  7.9079e-02  -7.9079e-02  -7.9079e-02  2.8976e-03  2.4774e-05  ;...
   1.2805e+01  1.9269e-09  7.8097e-02  -7.8097e-02  -7.8097e-02  2.7265e-03  2.1948e-05  ;...
   1.2966e+01  1.5083e-09  7.7126e-02  -7.7126e-02  -7.7126e-02  2.5633e-03  1.9418e-05  ;...
   1.3129e+01  1.1773e-09  7.6168e-02  -7.6168e-02  -7.6168e-02  2.4079e-03  1.7156e-05  ;...
   1.3294e+01  9.1641e-10  7.5222e-02  -7.5222e-02  -7.5222e-02  2.2599e-03  1.5136e-05  ;...
   1.3461e+01  7.1127e-10  7.4287e-02  -7.4287e-02  -7.4287e-02  2.1191e-03  1.3335e-05  ;...
   1.3631e+01  5.5046e-10  7.3364e-02  -7.3364e-02  -7.3364e-02  1.9854e-03  1.1731e-05  ;...
   1.3802e+01  4.2476e-10  7.2453e-02  -7.2453e-02  -7.2453e-02  1.8585e-03  1.0305e-05  ;...
   1.3976e+01  3.2679e-10  7.1553e-02  -7.1553e-02  -7.1553e-02  1.7381e-03  9.0387e-06  ;...
   1.4152e+01  2.5067e-10  7.0664e-02  -7.0664e-02  -7.0664e-02  1.6241e-03  7.9162e-06  ;...
   1.4330e+01  1.9169e-10  6.9786e-02  -6.9786e-02  -6.9786e-02  1.5162e-03  6.9226e-06  ;...
   1.4510e+01  1.4614e-10  6.8919e-02  -6.8919e-02  -6.8919e-02  1.4141e-03  6.0445e-06  ;...
   1.4692e+01  1.1107e-10  6.8062e-02  -6.8062e-02  -6.8062e-02  1.3177e-03  5.2695e-06  ;...
   1.4877e+01  8.4148e-11  6.7217e-02  -6.7217e-02  -6.7217e-02  1.2267e-03  4.5866e-06  ;...
   1.5064e+01  6.3549e-11  6.6382e-02  -6.6382e-02  -6.6382e-02  1.1410e-03  3.9859e-06  ;...
   1.5254e+01  4.7838e-11  6.5557e-02  -6.5557e-02  -6.5557e-02  1.0602e-03  3.4582e-06  ;...
   1.5446e+01  3.5893e-11  6.4742e-02  -6.4742e-02  -6.4742e-02  9.8426e-04  2.9956e-06  ;...
   1.5640e+01  2.6842e-11  6.3938e-02  -6.3938e-02  -6.3938e-02  9.1285e-04  2.5905e-06  ;...
   1.5837e+01  2.0006e-11  6.3144e-02  -6.3144e-02  -6.3144e-02  8.4580e-04  2.2364e-06  ;...
   1.6036e+01  1.4861e-11  6.2359e-02  -6.2359e-02  -6.2359e-02  7.8292e-04  1.9275e-06  ;...
   1.6238e+01  1.1001e-11  6.1584e-02  -6.1584e-02  -6.1584e-02  7.2401e-04  1.6584e-06  ;...
   1.6442e+01  8.1155e-12  6.0819e-02  -6.0819e-02  -6.0819e-02  6.6886e-04  1.4244e-06  ;...
   1.6649e+01  5.9657e-12  6.0064e-02  -6.0064e-02  -6.0064e-02  6.1731e-04  1.2212e-06  ;...
   1.6858e+01  4.3698e-12  5.9317e-02  -5.9317e-02  -5.9317e-02  5.6915e-04  1.0452e-06  ;...
   1.7071e+01  3.1893e-12  5.8580e-02  -5.8580e-02  -5.8580e-02  5.2422e-04  8.9294e-07  ;...
   1.7285e+01  2.3192e-12  5.7853e-02  -5.7853e-02  -5.7853e-02  4.8235e-04  7.6146e-07  ;...
   1.7503e+01  1.6803e-12  5.7134e-02  -5.7134e-02  -5.7134e-02  4.4336e-04  6.4814e-07  ;...
   1.7723e+01  1.2128e-12  5.6424e-02  -5.6424e-02  -5.6424e-02  4.0711e-04  5.5065e-07  ;...
   1.7946e+01  8.7212e-13  5.5723e-02  -5.5723e-02  -5.5723e-02  3.7343e-04  4.6694e-07  ;...
   1.8172e+01  6.2471e-13  5.5031e-02  -5.5031e-02  -5.5031e-02  3.4217e-04  3.9519e-07  ;...
   1.8400e+01  4.4575e-13  5.4347e-02  -5.4347e-02  -5.4347e-02  3.1320e-04  3.3382e-07  ;...
   1.8632e+01  3.1681e-13  5.3672e-02  -5.3672e-02  -5.3672e-02  2.8637e-04  2.8143e-07  ;...
   1.8866e+01  2.2427e-13  5.3005e-02  -5.3005e-02  -5.3005e-02  2.6156e-04  2.3679e-07  ;...
   1.9103e+01  1.5813e-13  5.2346e-02  -5.2346e-02  -5.2346e-02  2.3864e-04  1.9883e-07  ;...
   1.9344e+01  1.1103e-13  5.1696e-02  -5.1696e-02  -5.1696e-02  2.1749e-04  1.6661e-07  ;...
   1.9587e+01  7.7645e-14  5.1054e-02  -5.1054e-02  -5.1054e-02  1.9800e-04  1.3932e-07  ;...
   1.9834e+01  5.4069e-14  5.0420e-02  -5.0420e-02  -5.0420e-02  1.8005e-04  1.1627e-07  ;...
   2.0083e+01  3.7493e-14  4.9793e-02  -4.9793e-02  -4.9793e-02  1.6354e-04  9.6815e-08  ;...
   2.0336e+01  2.5887e-14  4.9175e-02  -4.9175e-02  -4.9175e-02  1.4838e-04  8.0447e-08  ;...
   2.0592e+01  1.7796e-14  4.8564e-02  -4.8564e-02  -4.8564e-02  1.3447e-04  6.6702e-08  ;...
   2.0851e+01  1.2180e-14  4.7960e-02  -4.7960e-02  -4.7960e-02  1.2172e-04  5.5183e-08  ;...
   2.1113e+01  8.2996e-15  4.7364e-02  -4.7364e-02  -4.7364e-02  1.1005e-04  4.5550e-08  ;...
   2.1378e+01  5.6299e-15  4.6776e-02  -4.6776e-02  -4.6776e-02  9.9389e-05  3.7517e-08  ;...
   2.1647e+01  3.8015e-15  4.6195e-02  -4.6195e-02  -4.6195e-02  8.9650e-05  3.0828e-08  ;...
   2.1920e+01  2.5550e-15  4.5621e-02  -4.5621e-02  -4.5621e-02  8.0768e-05  2.5274e-08  ;...
   2.2195e+01  1.7093e-15  4.5054e-02  -4.5054e-02  -4.5054e-02  7.2678e-05  2.0671e-08  ;...
   2.2475e+01  1.1380e-15  4.4494e-02  -4.4494e-02  -4.4494e-02  6.5318e-05  1.6868e-08  ;...
   2.2757e+01  7.5410e-16  4.3942e-02  -4.3942e-02  -4.3942e-02  5.8631e-05  1.3730e-08  ;...
   2.3044e+01  4.9726e-16  4.3396e-02  -4.3396e-02  -4.3396e-02  5.2563e-05  1.1151e-08  ;...
   2.3334e+01  3.2628e-16  4.2857e-02  -4.2857e-02  -4.2857e-02  4.7064e-05  9.0320e-09  ;...
   2.3627e+01  2.1303e-16  4.2324e-02  -4.2324e-02  -4.2324e-02  4.2086e-05  7.2988e-09  ;...
   2.3924e+01  1.3839e-16  4.1798e-02  -4.1798e-02  -4.1798e-02  3.7587e-05  5.8810e-09  ;...
   2.4225e+01  8.9442e-17  4.1279e-02  -4.1279e-02  -4.1279e-02  3.3525e-05  4.7285e-09  ;...
   2.4530e+01  5.7508e-17  4.0766e-02  -4.0766e-02  -4.0766e-02  2.9863e-05  3.7913e-09  ;...
   2.4839e+01  3.6783e-17  4.0260e-02  -4.0260e-02  -4.0260e-02  2.6565e-05  3.0316e-09  ;...
   2.5151e+01  2.3402e-17  3.9760e-02  -3.9760e-02  -3.9760e-02  2.3600e-05  2.4194e-09  ;...
   2.5467e+01  1.4809e-17  3.9266e-02  -3.9266e-02  -3.9266e-02  2.0938e-05  1.9240e-09  ;...
   2.5788e+01  9.3205e-18  3.8778e-02  -3.8778e-02  -3.8778e-02  1.8550e-05  1.5259e-09  ;...
   2.6112e+01  5.8339e-18  3.8296e-02  -3.8296e-02  -3.8296e-02  1.6412e-05  1.2082e-09  ;...
   2.6441e+01  3.6312e-18  3.7820e-02  -3.7820e-02  -3.7820e-02  1.4500e-05  9.5307e-10  ;...
   2.6773e+01  2.2475e-18  3.7351e-02  -3.7351e-02  -3.7351e-02  1.2793e-05  7.4888e-10  ;...
   2.7110e+01  1.3831e-18  3.6887e-02  -3.6887e-02  -3.6887e-02  1.1271e-05  5.8834e-10  ;...
   2.7451e+01  8.4625e-19  3.6428e-02  -3.6428e-02  -3.6428e-02  9.9152e-06  4.6082e-10  ;...
   2.7797e+01  5.1475e-19  3.5976e-02  -3.5976e-02  -3.5976e-02  8.7099e-06  3.5796e-10  ;...
   2.8146e+01  3.1125e-19  3.5529e-02  -3.5529e-02  -3.5529e-02  7.6398e-06  2.7890e-10  ;...
   2.8500e+01  1.8707e-19  3.5087e-02  -3.5087e-02  -3.5087e-02  6.6912e-06  2.1579e-10  ;...
   2.8859e+01  1.1176e-19  3.4652e-02  -3.4652e-02  -3.4652e-02  5.8515e-06  1.6633e-10  ;...
   2.9222e+01  6.6352e-20  3.4221e-02  -3.4221e-02  -3.4221e-02  5.1094e-06  1.2833e-10  ;...
   2.9589e+01  3.9149e-20  3.3796e-02  -3.3796e-02  -3.3796e-02  4.4545e-06  9.9698e-11  ;...
   2.9962e+01  2.2954e-20  3.3376e-02  -3.3376e-02  -3.3376e-02  3.8774e-06  7.5096e-11  ;...
   3.0339e+01  1.3372e-20  3.2961e-02  -3.2961e-02  -3.2961e-02  3.3698e-06  5.7682e-11  ;...
   3.0720e+01  7.7397e-21  3.2552e-02  -3.2552e-02  -3.2552e-02  2.9239e-06  4.3945e-11  ;...
   3.1107e+01  4.4505e-21  3.2148e-02  -3.2148e-02  -3.2148e-02  2.5329e-06  3.3755e-11  ;...
   3.1498e+01  2.5421e-21  3.1748e-02  -3.1748e-02  -3.1748e-02  2.1906e-06  2.5399e-11  ;...
   3.1894e+01  1.4423e-21  3.1354e-02  -3.1354e-02  -3.1354e-02  1.8914e-06  1.8812e-11  ;...
   3.2295e+01  8.1279e-22  3.0964e-02  -3.0964e-02  -3.0964e-02  1.6304e-06  1.3934e-11  ;...
   3.2702e+01  4.5487e-22  3.0580e-02  -3.0580e-02  -3.0580e-02  1.4030e-06  1.0703e-11  ;...
   3.3113e+01  2.5280e-22  3.0200e-02  -3.0200e-02  -3.0200e-02  1.2052e-06  7.5499e-12  ;...
   3.3530e+01  1.3950e-22  2.9824e-02  -2.9824e-02  -2.9824e-02  1.0335e-06  5.9649e-12  ;...
   3.3951e+01  7.6432e-23  2.9454e-02  -2.9454e-02  -2.9454e-02  8.8468e-07  4.4181e-12  ;...
   3.4378e+01  4.1574e-23  2.9088e-02  -2.9088e-02  -2.9088e-02  7.5595e-07  2.9088e-12  ;...
   3.4811e+01  2.2448e-23  2.8727e-02  -2.8727e-02  -2.8727e-02  6.4479e-07  2.8727e-12  ;...
   3.5249e+01  1.2031e-23  2.8370e-02  -2.8370e-02  -2.8370e-02  5.4897e-07  1.4185e-12  ;...
   3.5692e+01  6.3996e-24  2.8017e-02  -2.8017e-02  -2.8017e-02  4.6653e-07  1.4009e-12  ;...
   3.6141e+01  3.3783e-24  2.7669e-02  -2.7669e-02  -2.7669e-02  3.9572e-07  1.3835e-12  ;...
   3.6596e+01  1.7696e-24  2.7326e-02  -2.7326e-02  -2.7326e-02  3.3502e-07  0.0000e+00  ;...
   3.7056e+01  9.1977e-25  2.6986e-02  -2.6986e-02  -2.6986e-02  2.8309e-07  0.0000e+00  ;...
   3.7522e+01  4.7428e-25  2.6651e-02  -2.6651e-02  -2.6651e-02  2.3874e-07  0.0000e+00  ;...
   3.7994e+01  2.4261e-25  2.6320e-02  -2.6320e-02  -2.6320e-02  2.0095e-07  0.0000e+00  ;...
   3.8472e+01  1.2310e-25  2.5993e-02  -2.5993e-02  -2.5993e-02  1.6880e-07  0.0000e+00  ;...
   3.8956e+01  6.1948e-26  2.5670e-02  -2.5670e-02  -2.5670e-02  1.4151e-07  0.0000e+00  ;...
   3.9446e+01  3.0916e-26  2.5351e-02  -2.5351e-02  -2.5351e-02  1.1839e-07  0.0000e+00  ;...
   3.9942e+01  1.5300e-26  2.5036e-02  -2.5036e-02  -2.5036e-02  9.8839e-08  0.0000e+00  ;...
   4.0445e+01  7.5073e-27  2.4725e-02  -2.4725e-02  -2.4725e-02  8.2346e-08  0.0000e+00  ;...
   4.0954e+01  3.6519e-27  2.4418e-02  -2.4418e-02  -2.4418e-02  6.8459e-08  0.0000e+00  ;...
   4.1469e+01  1.7610e-27  2.4115e-02  -2.4115e-02  -2.4115e-02  5.6792e-08  0.0000e+00  ;...
   4.1990e+01  8.4170e-28  2.3815e-02  -2.3815e-02  -2.3815e-02  4.7012e-08  0.0000e+00  ;...
   4.2519e+01  3.9871e-28  2.3519e-02  -2.3519e-02  -2.3519e-02  3.8830e-08  0.0000e+00  ;...
   4.3053e+01  1.8716e-28  2.3227e-02  -2.3227e-02  -2.3227e-02  3.2000e-08  0.0000e+00  ;...
   4.3595e+01  8.7047e-29  2.2938e-02  -2.2938e-02  -2.2938e-02  2.6312e-08  0.0000e+00  ;...
   4.4143e+01  4.0111e-29  2.2653e-02  -2.2653e-02  -2.2653e-02  2.1586e-08  0.0000e+00  ;...
   4.4699e+01  1.8309e-29  2.2372e-02  -2.2372e-02  -2.2372e-02  1.7668e-08  0.0000e+00  ;...
   4.5261e+01  8.2783e-30  2.2094e-02  -2.2094e-02  -2.2094e-02  1.4427e-08  0.0000e+00  ;...
   4.5830e+01  3.7068e-30  2.1820e-02  -2.1820e-02  -2.1820e-02  1.1753e-08  0.0000e+00  ;...
   4.6407e+01  1.6437e-30  2.1549e-02  -2.1549e-02  -2.1549e-02  9.5516e-09  0.0000e+00  ;...
   4.6991e+01  7.2163e-31  2.1281e-02  -2.1281e-02  -2.1281e-02  7.7433e-09  0.0000e+00  ;...
   4.7582e+01  3.1366e-31  2.1016e-02  -2.1016e-02  -2.1016e-02  6.2619e-09  0.0000e+00  ;...
   4.8180e+01  1.3495e-31  2.0755e-02  -2.0755e-02  -2.0755e-02  5.0513e-09  0.0000e+00  ;...
   4.8786e+01  5.7469e-32  2.0498e-02  -2.0498e-02  -2.0498e-02  4.0642e-09  0.0000e+00  ;...
   4.9400e+01  2.4219e-32  2.0243e-02  -2.0243e-02  -2.0243e-02  3.2620e-09  0.0000e+00  ;...
   5.0021e+01  1.0099e-32  1.9991e-02  -1.9991e-02  -1.9991e-02  2.6110e-09  0.0000e+00  ;...
   5.0651e+01  4.1667e-33  1.9743e-02  -1.9743e-02  -1.9743e-02  2.0846e-09  0.0000e+00  ;...
   5.1288e+01  1.7005e-33  1.9498e-02  -1.9498e-02  -1.9498e-02  1.6605e-09  0.0000e+00  ;...
   5.1933e+01  6.8647e-34  1.9256e-02  -1.9256e-02  -1.9256e-02  1.3181e-09  0.0000e+00  ;...
   5.2586e+01  2.7405e-34  1.9016e-02  -1.9016e-02  -1.9016e-02  1.0444e-09  0.0000e+00  ;...
   5.3248e+01  1.0818e-34  1.8780e-02  -1.8780e-02  -1.8780e-02  8.2493e-10  0.0000e+00  ;...
   5.3917e+01  4.2223e-35  1.8547e-02  -1.8547e-02  -1.8547e-02  6.4975e-10  0.0000e+00  ;...
   5.4596e+01  1.6290e-35  1.8316e-02  -1.8316e-02  -1.8316e-02  5.1012e-10  0.0000e+00  ;...
   5.5282e+01  6.2122e-36  1.8089e-02  -1.8089e-02  -1.8089e-02  3.9949e-10  0.0000e+00  ;...
   5.5978e+01  2.3412e-36  1.7864e-02  -1.7864e-02  -1.7864e-02  3.1161e-10  0.0000e+00  ;...
   5.6682e+01  8.7180e-37  1.7642e-02  -1.7642e-02  -1.7642e-02  2.4309e-10  0.0000e+00  ;...
   5.7395e+01  3.2073e-37  1.7423e-02  -1.7423e-02  -1.7423e-02  1.8814e-10  0.0000e+00  ;...
   5.8117e+01  1.1656e-37  1.7207e-02  -1.7207e-02  -1.7207e-02  1.4629e-10  0.0000e+00  ;...
   5.8848e+01  4.1834e-38  1.6993e-02  -1.6993e-02  -1.6993e-02  1.1292e-10  0.0000e+00  ;...
   5.9588e+01  1.4827e-38  1.6782e-02  -1.6782e-02  -1.6782e-02  8.6916e-11  0.0000e+00  ;...
   6.0338e+01  5.1887e-39  1.6573e-02  -1.6573e-02  -1.6573e-02  6.6402e-11  0.0000e+00  ;...
   6.1097e+01  1.7925e-39  1.6367e-02  -1.6367e-02  -1.6367e-02  5.0382e-11  0.0000e+00  ;...
   6.1865e+01  6.1120e-40  1.6164e-02  -1.6164e-02  -1.6164e-02  3.8699e-11  0.0000e+00  ;...
   6.2644e+01  2.0566e-40  1.5963e-02  -1.5963e-02  -1.5963e-02  2.9639e-11  0.0000e+00  ;...
   6.3432e+01  6.8284e-41  1.5765e-02  -1.5765e-02  -1.5765e-02  2.2338e-11  0.0000e+00  ;...
   6.4229e+01  2.2366e-41  1.5569e-02  -1.5569e-02  -1.5569e-02  1.6736e-11  0.0000e+00  ;...
   6.5037e+01  7.2258e-42  1.5376e-02  -1.5376e-02  -1.5376e-02  1.2771e-11  0.0000e+00  ;...
   6.5855e+01  2.3022e-42  1.5185e-02  -1.5185e-02  -1.5185e-02  9.6451e-12  0.0000e+00  ;...
   6.6684e+01  7.2326e-43  1.4996e-02  -1.4996e-02  -1.4996e-02  7.3271e-12  0.0000e+00  ;...
   6.7523e+01  2.2400e-43  1.4810e-02  -1.4810e-02  -1.4810e-02  5.0653e-12  0.0000e+00  ;...
   6.8372e+01  6.8379e-44  1.4626e-02  -1.4626e-02  -1.4626e-02  3.5731e-12  0.0000e+00  ;...
   6.9232e+01  2.0570e-44  1.4444e-02  -1.4444e-02  -1.4444e-02  2.8230e-12  0.0000e+00  ;...
   7.0103e+01  6.0973e-45  1.4265e-02  -1.4265e-02  -1.4265e-02  2.0909e-12  0.0000e+00  ;...
   7.0985e+01  1.7804e-45  1.4088e-02  -1.4088e-02  -1.4088e-02  1.3766e-12  0.0000e+00  ;...
   7.1878e+01  5.1204e-46  1.3913e-02  -1.3913e-02  -1.3913e-02  1.3595e-12  0.0000e+00  ;...
   7.2782e+01  1.4501e-46  1.3740e-02  -1.3740e-02  -1.3740e-02  6.7133e-13  0.0000e+00  ;...
   7.3697e+01  4.0434e-47  1.3569e-02  -1.3569e-02  -1.3569e-02  6.6299e-13  0.0000e+00  ;...
   7.4624e+01  1.1098e-47  1.3400e-02  -1.3400e-02  -1.3400e-02  6.5475e-13  0.0000e+00  ;...
   7.5563e+01  2.9977e-48  1.3234e-02  -1.3234e-02  -1.3234e-02  0.0000e+00  0.0000e+00  ;...
   7.6514e+01  7.9676e-49  1.3070e-02  -1.3070e-02  -1.3070e-02  0.0000e+00  0.0000e+00  ;...
   7.7476e+01  2.0833e-49  1.2907e-02  -1.2907e-02  -1.2907e-02  0.0000e+00  0.0000e+00  ;...
   7.8451e+01  5.3576e-50  1.2747e-02  -1.2747e-02  -1.2747e-02  0.0000e+00  0.0000e+00  ;...
   7.9437e+01  1.3549e-50  1.2589e-02  -1.2589e-02  -1.2589e-02  0.0000e+00  0.0000e+00  ;...
   8.0437e+01  3.3685e-51  1.2432e-02  -1.2432e-02  -1.2432e-02  0.0000e+00  0.0000e+00  ;...
   8.1448e+01  8.2319e-52  1.2278e-02  -1.2278e-02  -1.2278e-02  0.0000e+00  0.0000e+00  ;...
   8.2473e+01  1.9769e-52  1.2125e-02  -1.2125e-02  -1.2125e-02  0.0000e+00  0.0000e+00  ;...
   8.3510e+01  4.6646e-53  1.1975e-02  -1.1975e-02  -1.1975e-02  0.0000e+00  0.0000e+00  ;...
   8.4561e+01  1.0811e-53  1.1826e-02  -1.1826e-02  -1.1826e-02  0.0000e+00  0.0000e+00  ;...
   8.5624e+01  2.4607e-54  1.1679e-02  -1.1679e-02  -1.1679e-02  0.0000e+00  0.0000e+00  ;...
   8.6702e+01  5.4991e-55  1.1534e-02  -1.1534e-02  -1.1534e-02  0.0000e+00  0.0000e+00  ;...
   8.7792e+01  1.2063e-55  1.1391e-02  -1.1391e-02  -1.1391e-02  0.0000e+00  0.0000e+00  ;...
   8.8896e+01  2.5969e-56  1.1249e-02  -1.1249e-02  -1.1249e-02  0.0000e+00  0.0000e+00  ;...
   9.0015e+01  5.4852e-57  1.1109e-02  -1.1109e-02  -1.1109e-02  0.0000e+00  0.0000e+00  ;...
   9.1147e+01  1.1365e-57  1.0971e-02  -1.0971e-02  -1.0971e-02  0.0000e+00  0.0000e+00  ;...
   9.2293e+01  2.3090e-58  1.0835e-02  -1.0835e-02  -1.0835e-02  0.0000e+00  0.0000e+00  ;...
   9.3454e+01  4.5997e-59  1.0700e-02  -1.0700e-02  -1.0700e-02  0.0000e+00  0.0000e+00  ;...
   9.4630e+01  8.9811e-60  1.0567e-02  -1.0567e-02  -1.0567e-02  0.0000e+00  0.0000e+00  ;...
   9.5820e+01  1.7184e-60  1.0436e-02  -1.0436e-02  -1.0436e-02  0.0000e+00  0.0000e+00  ;...
   9.7026e+01  3.2211e-61  1.0307e-02  -1.0307e-02  -1.0307e-02  0.0000e+00  0.0000e+00  ;...
   9.8246e+01  5.9138e-62  1.0179e-02  -1.0179e-02  -1.0179e-02  0.0000e+00  0.0000e+00  ;...
   9.9482e+01  1.0631e-62  1.0052e-02  -1.0052e-02  -1.0052e-02  0.0000e+00  0.0000e+00  ;...
   1.0073e+02  1.8709e-63  9.9272e-03  -9.9272e-03  -9.9272e-03  0.0000e+00  0.0000e+00  ;...
   1.0200e+02  3.2220e-64  9.8039e-03  -9.8039e-03  -9.8039e-03  0.0000e+00  0.0000e+00  ;...
   1.0328e+02  5.4291e-65  9.6821e-03  -9.6821e-03  -9.6821e-03  0.0000e+00  0.0000e+00  ;...
   1.0458e+02  8.9478e-66  9.5618e-03  -9.5618e-03  -9.5618e-03  0.0000e+00  0.0000e+00  ;...
   1.0590e+02  1.4420e-66  9.4430e-03  -9.4430e-03  -9.4430e-03  0.0000e+00  0.0000e+00  ;...
   1.0723e+02  2.2719e-67  9.3257e-03  -9.3257e-03  -9.3257e-03  0.0000e+00  0.0000e+00  ;...
   1.0858e+02  3.4980e-68  9.2099e-03  -9.2099e-03  -9.2099e-03  0.0000e+00  0.0000e+00  ;...
   1.0994e+02  5.2620e-69  9.0955e-03  -9.0955e-03  -9.0955e-03  0.0000e+00  0.0000e+00  ;...
   1.1133e+02  7.7315e-70  8.9825e-03  -8.9825e-03  -8.9825e-03  0.0000e+00  0.0000e+00  ;...
   1.1273e+02  1.1092e-70  8.8709e-03  -8.8709e-03  -8.8709e-03  0.0000e+00  0.0000e+00  ;...
   1.1415e+02  1.5537e-71  8.7607e-03  -8.7607e-03  -8.7607e-03  0.0000e+00  0.0000e+00  ;...
   1.1558e+02  2.1279e-72  8.6519e-03  -8.6519e-03  -8.6519e-03  0.0000e+00  0.0000e+00  ;...
   1.1704e+02  2.8433e-73  8.5444e-03  -8.5444e-03  -8.5444e-03  0.0000e+00  0.0000e+00  ;...
   ];