dataNa = [...
   2.8344e-06  8.4369e-03  2.9408e-01  -1.9652e+00  7.7256e-01  0.0000e+00  4.5917e-02  ;...
   5.7045e-06  8.4369e-03  2.9408e-01  -1.9651e+00  7.7256e-01  0.0000e+00  4.5928e-02  ;...
   8.6107e-06  8.4369e-03  2.9408e-01  -1.9651e+00  7.7256e-01  0.0000e+00  4.5925e-02  ;...
   1.1553e-05  8.4369e-03  2.9408e-01  -1.9651e+00  7.7256e-01  0.0000e+00  4.5926e-02  ;...
   1.4533e-05  8.4369e-03  2.9408e-01  -1.9651e+00  7.7256e-01  0.0000e+00  4.5926e-02  ;...
   1.7551e-05  8.4369e-03  2.9408e-01  -1.9651e+00  7.7256e-01  0.0000e+00  4.5925e-02  ;...
   2.0606e-05  8.4369e-03  2.9408e-01  -1.9651e+00  7.7256e-01  0.0000e+00  4.5924e-02  ;...
   2.3699e-05  8.4369e-03  2.9408e-01  -1.9650e+00  7.7256e-01  2.0617e-06  4.5925e-02  ;...
   2.6832e-05  8.4369e-03  2.9408e-01  -1.9650e+00  7.7256e-01  1.8210e-06  4.5925e-02  ;...
   3.0004e-05  8.4369e-03  2.9408e-01  -1.9650e+00  7.7256e-01  1.6285e-06  4.5926e-02  ;...
   3.3216e-05  8.4369e-03  2.9408e-01  -1.9650e+00  7.7256e-01  1.4710e-06  4.5926e-02  ;...
   3.6468e-05  8.4369e-03  2.9408e-01  -1.9650e+00  7.7256e-01  1.3398e-06  4.5925e-02  ;...
   3.9761e-05  8.4369e-03  2.9408e-01  -1.9650e+00  7.7256e-01  2.4577e-06  4.5926e-02  ;...
   4.3096e-05  8.4369e-03  2.9408e-01  -1.9650e+00  7.7256e-01  2.2675e-06  4.5926e-02  ;...
   4.6472e-05  8.4369e-03  2.9408e-01  -1.9650e+00  7.7256e-01  2.1028e-06  4.5925e-02  ;...
   4.9891e-05  8.4369e-03  2.9408e-01  -1.9649e+00  7.7256e-01  2.9380e-06  4.5925e-02  ;...
   5.3353e-05  8.4369e-03  2.9408e-01  -1.9649e+00  7.7256e-01  2.7474e-06  4.5925e-02  ;...
   5.6859e-05  8.4369e-03  2.9408e-01  -1.9649e+00  7.7256e-01  2.5780e-06  4.5925e-02  ;...
   6.0408e-05  8.4369e-03  2.9408e-01  -1.9649e+00  7.7256e-01  3.2353e-06  4.5925e-02  ;...
   6.4003e-05  8.4369e-03  2.9408e-01  -1.9649e+00  7.7256e-01  3.0536e-06  4.5925e-02  ;...
   6.7642e-05  8.4369e-03  2.9408e-01  -1.9649e+00  7.7256e-01  3.6117e-06  4.5926e-02  ;...
   7.1327e-05  8.4369e-03  2.9408e-01  -1.9649e+00  7.7256e-01  3.4251e-06  4.5926e-02  ;...
   7.5059e-05  8.4369e-03  2.9408e-01  -1.9649e+00  7.7256e-01  3.9057e-06  4.5925e-02  ;...
   7.8838e-05  8.4369e-03  2.9408e-01  -1.9649e+00  7.7256e-01  4.3383e-06  4.5925e-02  ;...
   8.2664e-05  8.4369e-03  2.9408e-01  -1.9649e+00  7.7256e-01  4.1375e-06  4.5925e-02  ;...
   8.6538e-05  8.4369e-03  2.9408e-01  -1.9648e+00  7.7256e-01  4.5169e-06  4.5926e-02  ;...
   9.0461e-05  8.4369e-03  2.9408e-01  -1.9648e+00  7.7256e-01  4.8611e-06  4.5925e-02  ;...
   9.4433e-05  8.4369e-03  2.9408e-01  -1.9648e+00  7.7256e-01  4.6567e-06  4.5925e-02  ;...
   9.8455e-05  8.4369e-03  2.9408e-01  -1.9648e+00  7.7256e-01  4.9627e-06  4.5925e-02  ;...
   1.0253e-04  8.4369e-03  2.9408e-01  -1.9648e+00  7.7256e-01  5.2421e-06  4.5925e-02  ;...
   1.0665e-04  8.4369e-03  2.9408e-01  -1.9648e+00  7.7256e-01  5.4975e-06  4.5925e-02  ;...
   1.1083e-04  8.4369e-03  2.9408e-01  -1.9648e+00  7.7256e-01  5.7312e-06  4.5926e-02  ;...
   1.1506e-04  8.4369e-03  2.9408e-01  -1.9648e+00  7.7256e-01  5.9453e-06  4.5925e-02  ;...
   1.1934e-04  8.4369e-03  2.9408e-01  -1.9648e+00  7.7256e-01  6.1414e-06  4.5925e-02  ;...
   1.2367e-04  8.4369e-03  2.9408e-01  -1.9648e+00  7.7256e-01  6.3212e-06  4.5925e-02  ;...
   1.2806e-04  8.4369e-03  2.9408e-01  -1.9647e+00  7.7256e-01  6.4860e-06  4.5925e-02  ;...
   1.3251e-04  8.4369e-03  2.9408e-01  -1.9647e+00  7.7256e-01  6.6371e-06  4.5925e-02  ;...
   1.3701e-04  8.4369e-03  2.9408e-01  -1.9647e+00  7.7256e-01  7.1323e-06  4.5925e-02  ;...
   1.4157e-04  8.4369e-03  2.9408e-01  -1.9647e+00  7.7256e-01  7.2478e-06  4.5925e-02  ;...
   1.4618e-04  8.4369e-03  2.9408e-01  -1.9647e+00  7.7256e-01  7.3533e-06  4.5925e-02  ;...
   1.5086e-04  8.4369e-03  2.9408e-01  -1.9647e+00  7.7256e-01  7.7732e-06  4.5925e-02  ;...
   1.5559e-04  8.4369e-03  2.9408e-01  -1.9647e+00  7.7256e-01  7.8509e-06  4.5925e-02  ;...
   1.6038e-04  8.4369e-03  2.9408e-01  -1.9647e+00  7.7256e-01  8.2256e-06  4.5925e-02  ;...
   1.6523e-04  8.4369e-03  2.9408e-01  -1.9647e+00  7.7256e-01  8.5755e-06  4.5925e-02  ;...
   1.7014e-04  8.4369e-03  2.9408e-01  -1.9647e+00  7.7256e-01  8.6151e-06  4.5925e-02  ;...
   1.7512e-04  8.4369e-03  2.9408e-01  -1.9646e+00  7.7256e-01  8.9284e-06  4.5925e-02  ;...
   1.8016e-04  8.4369e-03  2.9408e-01  -1.9646e+00  7.7256e-01  9.2211e-06  4.5925e-02  ;...
   1.8526e-04  8.4369e-03  2.9408e-01  -1.9646e+00  7.7256e-01  9.4947e-06  4.5925e-02  ;...
   1.9042e-04  8.4369e-03  2.9408e-01  -1.9646e+00  7.7256e-01  9.7504e-06  4.5925e-02  ;...
   1.9565e-04  8.4369e-03  2.9408e-01  -1.9646e+00  7.7256e-01  9.9892e-06  4.5925e-02  ;...
   2.0095e-04  8.4369e-03  2.9408e-01  -1.9646e+00  7.7256e-01  1.0212e-05  4.5925e-02  ;...
   2.0631e-04  8.4369e-03  2.9408e-01  -1.9646e+00  7.7256e-01  1.0657e-05  4.5925e-02  ;...
   2.1174e-04  8.4369e-03  2.9408e-01  -1.9646e+00  7.7256e-01  1.0846e-05  4.5925e-02  ;...
   2.1724e-04  8.4369e-03  2.9408e-01  -1.9646e+00  7.7256e-01  1.1021e-05  4.5925e-02  ;...
   2.2280e-04  8.4369e-03  2.9408e-01  -1.9645e+00  7.7256e-01  1.1403e-05  4.5925e-02  ;...
   2.2844e-04  8.4369e-03  2.9408e-01  -1.9645e+00  7.7256e-01  1.1764e-05  4.5925e-02  ;...
   2.3415e-04  8.4369e-03  2.9408e-01  -1.9645e+00  7.7256e-01  1.1894e-05  4.5925e-02  ;...
   2.3993e-04  8.4369e-03  2.9408e-01  -1.9645e+00  7.7256e-01  1.2219e-05  4.5925e-02  ;...
   2.4578e-04  8.4369e-03  2.9408e-01  -1.9645e+00  7.7256e-01  1.2524e-05  4.5925e-02  ;...
   2.5171e-04  8.4369e-03  2.9408e-01  -1.9645e+00  7.7256e-01  1.2812e-05  4.5925e-02  ;...
   2.5771e-04  8.4369e-03  2.9408e-01  -1.9645e+00  7.7256e-01  1.3082e-05  4.5925e-02  ;...
   2.6378e-04  8.4369e-03  2.9408e-01  -1.9645e+00  7.7256e-01  1.3522e-05  4.5925e-02  ;...
   2.6993e-04  8.4369e-03  2.9408e-01  -1.9645e+00  7.7256e-01  1.3757e-05  4.5925e-02  ;...
   2.7616e-04  8.4369e-03  2.9408e-01  -1.9645e+00  7.7256e-01  1.4154e-05  4.5925e-02  ;...
   2.8247e-04  8.4369e-03  2.9408e-01  -1.9644e+00  7.7256e-01  1.4357e-05  4.5925e-02  ;...
   2.8886e-04  8.4369e-03  2.9408e-01  -1.9644e+00  7.7256e-01  1.4716e-05  4.5925e-02  ;...
   2.9533e-04  8.4369e-03  2.9408e-01  -1.9644e+00  7.7256e-01  1.5055e-05  4.5925e-02  ;...
   3.0188e-04  8.4369e-03  2.9408e-01  -1.9644e+00  7.7256e-01  1.5376e-05  4.5925e-02  ;...
   3.0851e-04  8.4369e-03  2.9408e-01  -1.9644e+00  7.7256e-01  1.5838e-05  4.5925e-02  ;...
   3.1522e-04  8.4369e-03  2.9408e-01  -1.9644e+00  7.7256e-01  1.6120e-05  4.5925e-02  ;...
   3.2202e-04  8.4369e-03  2.9408e-01  -1.9644e+00  7.7256e-01  1.6387e-05  4.5925e-02  ;...
   3.2891e-04  8.4369e-03  2.9408e-01  -1.9644e+00  7.7256e-01  1.6786e-05  4.5925e-02  ;...
   3.3588e-04  8.4369e-03  2.9408e-01  -1.9644e+00  7.7256e-01  1.7165e-05  4.5925e-02  ;...
   3.4294e-04  8.4369e-03  2.9408e-01  -1.9643e+00  7.7256e-01  1.7524e-05  4.5925e-02  ;...
   3.5009e-04  8.4369e-03  2.9408e-01  -1.9643e+00  7.7256e-01  1.7864e-05  4.5925e-02  ;...
   3.5733e-04  8.4369e-03  2.9408e-01  -1.9643e+00  7.7256e-01  1.8323e-05  4.5925e-02  ;...
   3.6465e-04  8.4369e-03  2.9408e-01  -1.9643e+00  7.7256e-01  1.8625e-05  4.5925e-02  ;...
   3.7208e-04  8.4369e-03  2.9408e-01  -1.9643e+00  7.7256e-01  1.9041e-05  4.5925e-02  ;...
   3.7959e-04  8.4369e-03  2.9408e-01  -1.9643e+00  7.7256e-01  1.9436e-05  4.5925e-02  ;...
   3.8720e-04  8.4369e-03  2.9408e-01  -1.9643e+00  7.7256e-01  1.9812e-05  4.5925e-02  ;...
   3.9490e-04  8.4369e-03  2.9408e-01  -1.9643e+00  7.7256e-01  2.0167e-05  4.5925e-02  ;...
   4.0271e-04  8.4369e-03  2.9408e-01  -1.9642e+00  7.7256e-01  2.0626e-05  4.5925e-02  ;...
   4.1061e-04  8.4369e-03  2.9408e-01  -1.9642e+00  7.7256e-01  2.0943e-05  4.5925e-02  ;...
   4.1861e-04  8.4369e-03  2.9408e-01  -1.9642e+00  7.7256e-01  2.1360e-05  4.5925e-02  ;...
   4.2671e-04  8.4369e-03  2.9408e-01  -1.9642e+00  7.7256e-01  2.1756e-05  4.5925e-02  ;...
   4.3491e-04  8.4369e-03  2.9408e-01  -1.9642e+00  7.7256e-01  2.2245e-05  4.5925e-02  ;...
   4.4321e-04  8.4369e-03  2.9408e-01  -1.9642e+00  7.7256e-01  2.2599e-05  4.5925e-02  ;...
   4.5162e-04  8.4369e-03  2.9408e-01  -1.9642e+00  7.7256e-01  2.3044e-05  4.5925e-02  ;...
   4.6014e-04  8.4369e-03  2.9408e-01  -1.9642e+00  7.7256e-01  2.3467e-05  4.5925e-02  ;...
   4.6876e-04  8.4369e-03  2.9408e-01  -1.9641e+00  7.7256e-01  2.3974e-05  4.5925e-02  ;...
   4.7749e-04  8.4369e-03  2.9408e-01  -1.9641e+00  7.7256e-01  2.4456e-05  4.5925e-02  ;...
   4.8633e-04  8.4369e-03  2.9408e-01  -1.9641e+00  7.7256e-01  2.4815e-05  4.5925e-02  ;...
   4.9528e-04  8.4369e-03  2.9408e-01  -1.9641e+00  7.7256e-01  2.5353e-05  4.5925e-02  ;...
   5.0435e-04  8.4369e-03  2.9408e-01  -1.9641e+00  7.7256e-01  2.5770e-05  4.5925e-02  ;...
   5.1352e-04  8.4369e-03  2.9408e-01  -1.9641e+00  7.7256e-01  2.6261e-05  4.5925e-02  ;...
   5.2282e-04  8.4369e-03  2.9408e-01  -1.9641e+00  7.7256e-01  2.6728e-05  4.5925e-02  ;...
   5.3223e-04  8.4369e-03  2.9408e-01  -1.9641e+00  7.7256e-01  2.7174e-05  4.5925e-02  ;...
   5.4176e-04  8.4369e-03  2.9408e-01  -1.9640e+00  7.7256e-01  2.7688e-05  4.5925e-02  ;...
   5.5141e-04  8.4369e-03  2.9408e-01  -1.9640e+00  7.7256e-01  2.8178e-05  4.5925e-02  ;...
   5.6118e-04  8.4369e-03  2.9408e-01  -1.9640e+00  7.7256e-01  2.8645e-05  4.5925e-02  ;...
   5.7107e-04  8.4369e-03  2.9408e-01  -1.9640e+00  7.7256e-01  2.9176e-05  4.5925e-02  ;...
   5.8109e-04  8.4369e-03  2.9408e-01  -1.9640e+00  7.7256e-01  2.9682e-05  4.5925e-02  ;...
   5.9123e-04  8.4369e-03  2.9408e-01  -1.9640e+00  7.7256e-01  3.0247e-05  4.5925e-02  ;...
   6.0150e-04  8.4369e-03  2.9408e-01  -1.9640e+00  7.7256e-01  3.0705e-05  4.5925e-02  ;...
   6.1190e-04  8.4369e-03  2.9408e-01  -1.9639e+00  7.7256e-01  3.1301e-05  4.5925e-02  ;...
   6.2243e-04  8.4369e-03  2.9408e-01  -1.9639e+00  7.7256e-01  3.1792e-05  4.5925e-02  ;...
   6.3310e-04  8.4369e-03  2.9408e-01  -1.9639e+00  7.7256e-01  3.2337e-05  4.5925e-02  ;...
   6.4390e-04  8.4369e-03  2.9408e-01  -1.9639e+00  7.7256e-01  3.2933e-05  4.5925e-02  ;...
   6.5483e-04  8.4369e-03  2.9408e-01  -1.9639e+00  7.7256e-01  3.3502e-05  4.5925e-02  ;...
   6.6590e-04  8.4369e-03  2.9408e-01  -1.9639e+00  7.7256e-01  3.4046e-05  4.5925e-02  ;...
   6.7711e-04  8.4369e-03  2.9408e-01  -1.9639e+00  7.7256e-01  3.4637e-05  4.5925e-02  ;...
   6.8846e-04  8.4369e-03  2.9408e-01  -1.9639e+00  7.7256e-01  3.5201e-05  4.5925e-02  ;...
   6.9996e-04  8.4369e-03  2.9408e-01  -1.9638e+00  7.7256e-01  3.5810e-05  4.5925e-02  ;...
   7.1160e-04  8.4369e-03  2.9408e-01  -1.9638e+00  7.7256e-01  3.6391e-05  4.5925e-02  ;...
   7.2338e-04  8.4369e-03  2.9408e-01  -1.9638e+00  7.7256e-01  3.6947e-05  4.5925e-02  ;...
   7.3531e-04  8.4369e-03  2.9408e-01  -1.9638e+00  7.7256e-01  3.7610e-05  4.5925e-02  ;...
   7.4740e-04  8.4369e-03  2.9408e-01  -1.9638e+00  7.7256e-01  3.8178e-05  4.5925e-02  ;...
   7.5963e-04  8.4369e-03  2.9408e-01  -1.9638e+00  7.7256e-01  3.8850e-05  4.5925e-02  ;...
   7.7202e-04  8.4369e-03  2.9408e-01  -1.9637e+00  7.7256e-01  3.9429e-05  4.5925e-02  ;...
   7.8457e-04  8.4369e-03  2.9408e-01  -1.9637e+00  7.7256e-01  4.0106e-05  4.5925e-02  ;...
   7.9727e-04  8.4369e-03  2.9408e-01  -1.9637e+00  7.7256e-01  4.0754e-05  4.5925e-02  ;...
   8.1013e-04  8.4369e-03  2.9408e-01  -1.9637e+00  7.7256e-01  4.1434e-05  4.5925e-02  ;...
   8.2316e-04  8.4369e-03  2.9408e-01  -1.9637e+00  7.7256e-01  4.2084e-05  4.5925e-02  ;...
   8.3635e-04  8.4369e-03  2.9408e-01  -1.9637e+00  7.7256e-01  4.2764e-05  4.5925e-02  ;...
   8.4970e-04  8.4369e-03  2.9408e-01  -1.9637e+00  7.7256e-01  4.3415e-05  4.5925e-02  ;...
   8.6322e-04  8.4369e-03  2.9408e-01  -1.9636e+00  7.7256e-01  4.4093e-05  4.5925e-02  ;...
   8.7692e-04  8.4369e-03  2.9408e-01  -1.9636e+00  7.7256e-01  4.4797e-05  4.5925e-02  ;...
   8.9078e-04  8.4369e-03  2.9408e-01  -1.9636e+00  7.7256e-01  4.5526e-05  4.5925e-02  ;...
   9.0482e-04  8.4369e-03  2.9408e-01  -1.9636e+00  7.7256e-01  4.6224e-05  4.5925e-02  ;...
   9.1904e-04  8.4369e-03  2.9408e-01  -1.9636e+00  7.7256e-01  4.6998e-05  4.5925e-02  ;...
   9.3343e-04  8.4369e-03  2.9408e-01  -1.9636e+00  7.7256e-01  4.7686e-05  4.5925e-02  ;...
   9.4801e-04  8.4369e-03  2.9408e-01  -1.9635e+00  7.7256e-01  4.8448e-05  4.5925e-02  ;...
   9.6276e-04  8.4369e-03  2.9408e-01  -1.9635e+00  7.7256e-01  4.9227e-05  4.5925e-02  ;...
   9.7771e-04  8.4369e-03  2.9408e-01  -1.9635e+00  7.7256e-01  4.9974e-05  4.5925e-02  ;...
   9.9284e-04  8.4369e-03  2.9408e-01  -1.9635e+00  7.7256e-01  5.0738e-05  4.5925e-02  ;...
   1.0082e-03  8.4369e-03  2.9408e-01  -1.9635e+00  7.7256e-01  5.1518e-05  4.5925e-02  ;...
   1.0237e-03  8.4369e-03  2.9408e-01  -1.9635e+00  7.7256e-01  5.2312e-05  4.5925e-02  ;...
   1.0394e-03  8.4369e-03  2.9408e-01  -1.9634e+00  7.7256e-01  5.3120e-05  4.5925e-02  ;...
   1.0553e-03  8.4369e-03  2.9408e-01  -1.9634e+00  7.7256e-01  5.3939e-05  4.5925e-02  ;...
   1.0714e-03  8.4369e-03  2.9408e-01  -1.9634e+00  7.7256e-01  5.4770e-05  4.5925e-02  ;...
   1.0877e-03  8.4369e-03  2.9408e-01  -1.9634e+00  7.7256e-01  5.5611e-05  4.5925e-02  ;...
   1.1042e-03  8.4369e-03  2.9408e-01  -1.9634e+00  7.7256e-01  5.6461e-05  4.5925e-02  ;...
   1.1210e-03  8.4369e-03  2.9408e-01  -1.9634e+00  7.7256e-01  5.7275e-05  4.5925e-02  ;...
   1.1379e-03  8.4369e-03  2.9408e-01  -1.9633e+00  7.7256e-01  5.8140e-05  4.5925e-02  ;...
   1.1550e-03  8.4369e-03  2.9408e-01  -1.9633e+00  7.7256e-01  5.9053e-05  4.5925e-02  ;...
   1.1724e-03  8.4369e-03  2.9408e-01  -1.9633e+00  7.7256e-01  5.9929e-05  4.5925e-02  ;...
   1.1900e-03  8.4369e-03  2.9408e-01  -1.9633e+00  7.7256e-01  6.0809e-05  4.5925e-02  ;...
   1.2078e-03  8.4369e-03  2.9408e-01  -1.9633e+00  7.7256e-01  6.1733e-05  4.5925e-02  ;...
   1.2258e-03  8.4369e-03  2.9408e-01  -1.9632e+00  7.7256e-01  6.2659e-05  4.5925e-02  ;...
   1.2441e-03  8.4369e-03  2.9408e-01  -1.9632e+00  7.7256e-01  6.3586e-05  4.5925e-02  ;...
   1.2626e-03  8.4369e-03  2.9408e-01  -1.9632e+00  7.7256e-01  6.4512e-05  4.5925e-02  ;...
   1.2813e-03  8.4369e-03  2.9408e-01  -1.9632e+00  7.7256e-01  6.5477e-05  4.5925e-02  ;...
   1.3002e-03  8.4369e-03  2.9408e-01  -1.9632e+00  7.7256e-01  6.6439e-05  4.5925e-02  ;...
   1.3194e-03  8.4369e-03  2.9408e-01  -1.9631e+00  7.7256e-01  6.7435e-05  4.5925e-02  ;...
   1.3388e-03  8.4369e-03  2.9408e-01  -1.9631e+00  7.7256e-01  6.8427e-05  4.5925e-02  ;...
   1.3585e-03  8.4369e-03  2.9408e-01  -1.9631e+00  7.7256e-01  6.9450e-05  4.5925e-02  ;...
   1.3784e-03  8.4369e-03  2.9408e-01  -1.9631e+00  7.7256e-01  7.0467e-05  4.5925e-02  ;...
   1.3986e-03  8.4369e-03  2.9408e-01  -1.9631e+00  7.7256e-01  7.1477e-05  4.5925e-02  ;...
   1.4190e-03  8.4369e-03  2.9408e-01  -1.9631e+00  7.7256e-01  7.2514e-05  4.5925e-02  ;...
   1.4397e-03  8.4369e-03  2.9408e-01  -1.9630e+00  7.7256e-01  7.3576e-05  4.5925e-02  ;...
   1.4607e-03  8.4369e-03  2.9408e-01  -1.9630e+00  7.7256e-01  7.4662e-05  4.5925e-02  ;...
   1.4819e-03  8.4369e-03  2.9408e-01  -1.9630e+00  7.7256e-01  7.5737e-05  4.5925e-02  ;...
   1.5033e-03  8.4369e-03  2.9408e-01  -1.9630e+00  7.7256e-01  7.6833e-05  4.5925e-02  ;...
   1.5251e-03  8.4369e-03  2.9408e-01  -1.9630e+00  7.7256e-01  7.7948e-05  4.5925e-02  ;...
   1.5471e-03  8.4369e-03  2.9408e-01  -1.9629e+00  7.7256e-01  7.9081e-05  4.5925e-02  ;...
   1.5694e-03  8.4369e-03  2.9408e-01  -1.9629e+00  7.7256e-01  8.0230e-05  4.5925e-02  ;...
   1.5920e-03  8.4369e-03  2.9408e-01  -1.9629e+00  7.7256e-01  8.1363e-05  4.5925e-02  ;...
   1.6148e-03  8.4369e-03  2.9408e-01  -1.9629e+00  7.7256e-01  8.2542e-05  4.5925e-02  ;...
   1.6380e-03  8.4369e-03  2.9408e-01  -1.9628e+00  7.7256e-01  8.3732e-05  4.5925e-02  ;...
   1.6614e-03  8.4369e-03  2.9408e-01  -1.9628e+00  7.7256e-01  8.4933e-05  4.5925e-02  ;...
   1.6851e-03  8.4369e-03  2.9408e-01  -1.9628e+00  7.7256e-01  8.6143e-05  4.5925e-02  ;...
   1.7092e-03  8.4369e-03  2.9408e-01  -1.9628e+00  7.7256e-01  8.7362e-05  4.5925e-02  ;...
   1.7335e-03  8.4369e-03  2.9408e-01  -1.9628e+00  7.7256e-01  8.8616e-05  4.5925e-02  ;...
   1.7582e-03  8.4369e-03  2.9408e-01  -1.9627e+00  7.7256e-01  8.9875e-05  4.5925e-02  ;...
   1.7831e-03  8.4369e-03  2.9408e-01  -1.9627e+00  7.7256e-01  9.1138e-05  4.5925e-02  ;...
   1.8084e-03  8.4369e-03  2.9408e-01  -1.9627e+00  7.7256e-01  9.2432e-05  4.5925e-02  ;...
   1.8339e-03  8.4369e-03  2.9408e-01  -1.9627e+00  7.7256e-01  9.3727e-05  4.5925e-02  ;...
   1.8598e-03  8.4369e-03  2.9408e-01  -1.9626e+00  7.7256e-01  9.5049e-05  4.5925e-02  ;...
   1.8861e-03  8.4369e-03  2.9408e-01  -1.9626e+00  7.7256e-01  9.6395e-05  4.5925e-02  ;...
   1.9126e-03  8.4369e-03  2.9408e-01  -1.9626e+00  7.7256e-01  9.7765e-05  4.5925e-02  ;...
   1.9395e-03  8.4369e-03  2.9408e-01  -1.9626e+00  7.7256e-01  9.9130e-05  4.5925e-02  ;...
   1.9668e-03  8.4370e-03  2.9408e-01  -1.9626e+00  7.7256e-01  1.0051e-04  4.5925e-02  ;...
   1.9943e-03  8.4370e-03  2.9408e-01  -1.9625e+00  7.7256e-01  1.0194e-04  4.5925e-02  ;...
   2.0223e-03  8.4370e-03  2.9408e-01  -1.9625e+00  7.7256e-01  1.0336e-04  4.5925e-02  ;...
   2.0505e-03  8.4370e-03  2.9408e-01  -1.9625e+00  7.7256e-01  1.0480e-04  4.5925e-02  ;...
   2.0792e-03  8.4370e-03  2.9408e-01  -1.9625e+00  7.7256e-01  1.0627e-04  4.5925e-02  ;...
   2.1081e-03  8.4370e-03  2.9408e-01  -1.9624e+00  7.7256e-01  1.0775e-04  4.5925e-02  ;...
   2.1375e-03  8.4370e-03  2.9408e-01  -1.9624e+00  7.7256e-01  1.0924e-04  4.5925e-02  ;...
   2.1672e-03  8.4370e-03  2.9408e-01  -1.9624e+00  7.7256e-01  1.1076e-04  4.5925e-02  ;...
   2.1973e-03  8.4370e-03  2.9408e-01  -1.9624e+00  7.7256e-01  1.1232e-04  4.5925e-02  ;...
   2.2278e-03  8.4370e-03  2.9408e-01  -1.9623e+00  7.7256e-01  1.1387e-04  4.5925e-02  ;...
   2.2586e-03  8.4370e-03  2.9408e-01  -1.9623e+00  7.7256e-01  1.1545e-04  4.5925e-02  ;...
   2.2899e-03  8.4370e-03  2.9408e-01  -1.9623e+00  7.7256e-01  1.1704e-04  4.5925e-02  ;...
   2.3215e-03  8.4370e-03  2.9408e-01  -1.9623e+00  7.7256e-01  1.1866e-04  4.5925e-02  ;...
   2.3536e-03  8.4370e-03  2.9408e-01  -1.9622e+00  7.7256e-01  1.2028e-04  4.5925e-02  ;...
   2.3860e-03  8.4370e-03  2.9408e-01  -1.9622e+00  7.7256e-01  1.2195e-04  4.5925e-02  ;...
   2.4188e-03  8.4370e-03  2.9408e-01  -1.9622e+00  7.7256e-01  1.2362e-04  4.5925e-02  ;...
   2.4521e-03  8.4370e-03  2.9408e-01  -1.9622e+00  7.7256e-01  1.2533e-04  4.5925e-02  ;...
   2.4858e-03  8.4370e-03  2.9408e-01  -1.9621e+00  7.7256e-01  1.2706e-04  4.5925e-02  ;...
   2.5199e-03  8.4370e-03  2.9408e-01  -1.9621e+00  7.7256e-01  1.2879e-04  4.5925e-02  ;...
   2.5544e-03  8.4370e-03  2.9408e-01  -1.9621e+00  7.7256e-01  1.3057e-04  4.5925e-02  ;...
   2.5894e-03  8.4370e-03  2.9408e-01  -1.9620e+00  7.7256e-01  1.3235e-04  4.5925e-02  ;...
   2.6248e-03  8.4370e-03  2.9408e-01  -1.9620e+00  7.7256e-01  1.3416e-04  4.5925e-02  ;...
   2.6606e-03  8.4370e-03  2.9408e-01  -1.9620e+00  7.7256e-01  1.3599e-04  4.5925e-02  ;...
   2.6969e-03  8.4370e-03  2.9408e-01  -1.9620e+00  7.7256e-01  1.3785e-04  4.5925e-02  ;...
   2.7337e-03  8.4370e-03  2.9408e-01  -1.9619e+00  7.7256e-01  1.3972e-04  4.5925e-02  ;...
   2.7709e-03  8.4370e-03  2.9408e-01  -1.9619e+00  7.7256e-01  1.4163e-04  4.5925e-02  ;...
   2.8086e-03  8.4370e-03  2.9408e-01  -1.9619e+00  7.7256e-01  1.4356e-04  4.5925e-02  ;...
   2.8468e-03  8.4370e-03  2.9408e-01  -1.9618e+00  7.7256e-01  1.4549e-04  4.5925e-02  ;...
   2.8854e-03  8.4370e-03  2.9408e-01  -1.9618e+00  7.7256e-01  1.4748e-04  4.5925e-02  ;...
   2.9245e-03  8.4370e-03  2.9408e-01  -1.9618e+00  7.7256e-01  1.4948e-04  4.5925e-02  ;...
   2.9641e-03  8.4370e-03  2.9408e-01  -1.9618e+00  7.7256e-01  1.5150e-04  4.5925e-02  ;...
   3.0043e-03  8.4370e-03  2.9408e-01  -1.9617e+00  7.7256e-01  1.5356e-04  4.5925e-02  ;...
   3.0449e-03  8.4370e-03  2.9408e-01  -1.9617e+00  7.7256e-01  1.5564e-04  4.5925e-02  ;...
   3.0860e-03  8.4370e-03  2.9408e-01  -1.9617e+00  7.7256e-01  1.5773e-04  4.5925e-02  ;...
   3.1277e-03  8.4370e-03  2.9408e-01  -1.9616e+00  7.7256e-01  1.5986e-04  4.5925e-02  ;...
   3.1698e-03  8.4370e-03  2.9408e-01  -1.9616e+00  7.7256e-01  1.6202e-04  4.5925e-02  ;...
   3.2126e-03  8.4370e-03  2.9408e-01  -1.9616e+00  7.7256e-01  1.6420e-04  4.5925e-02  ;...
   3.2558e-03  8.4370e-03  2.9408e-01  -1.9615e+00  7.7256e-01  1.6641e-04  4.5925e-02  ;...
   3.2996e-03  8.4370e-03  2.9408e-01  -1.9615e+00  7.7256e-01  1.6865e-04  4.5926e-02  ;...
   3.3439e-03  8.4370e-03  2.9408e-01  -1.9615e+00  7.7256e-01  1.7091e-04  4.5926e-02  ;...
   3.3888e-03  8.4370e-03  2.9408e-01  -1.9615e+00  7.7256e-01  1.7320e-04  4.5926e-02  ;...
   3.4343e-03  8.4370e-03  2.9408e-01  -1.9614e+00  7.7256e-01  1.7554e-04  4.5926e-02  ;...
   3.4803e-03  8.4370e-03  2.9408e-01  -1.9614e+00  7.7256e-01  1.7789e-04  4.5926e-02  ;...
   3.5269e-03  8.4370e-03  2.9408e-01  -1.9614e+00  7.7256e-01  1.8026e-04  4.5926e-02  ;...
   3.5741e-03  8.4370e-03  2.9408e-01  -1.9613e+00  7.7256e-01  1.8268e-04  4.5926e-02  ;...
   3.6219e-03  8.4370e-03  2.9408e-01  -1.9613e+00  7.7256e-01  1.8513e-04  4.5926e-02  ;...
   3.6703e-03  8.4370e-03  2.9408e-01  -1.9613e+00  7.7256e-01  1.8760e-04  4.5926e-02  ;...
   3.7193e-03  8.4370e-03  2.9408e-01  -1.9612e+00  7.7256e-01  1.9010e-04  4.5926e-02  ;...
   3.7689e-03  8.4370e-03  2.9408e-01  -1.9612e+00  7.7256e-01  1.9263e-04  4.5926e-02  ;...
   3.8192e-03  8.4370e-03  2.9408e-01  -1.9612e+00  7.7256e-01  1.9520e-04  4.5926e-02  ;...
   3.8700e-03  8.4370e-03  2.9408e-01  -1.9611e+00  7.7256e-01  1.9780e-04  4.5926e-02  ;...
   3.9216e-03  8.4370e-03  2.9408e-01  -1.9611e+00  7.7256e-01  2.0043e-04  4.5926e-02  ;...
   3.9737e-03  8.4370e-03  2.9408e-01  -1.9611e+00  7.7256e-01  2.0310e-04  4.5926e-02  ;...
   4.0265e-03  8.4370e-03  2.9408e-01  -1.9610e+00  7.7256e-01  2.0580e-04  4.5926e-02  ;...
   4.0800e-03  8.4370e-03  2.9408e-01  -1.9610e+00  7.7256e-01  2.0854e-04  4.5926e-02  ;...
   4.1342e-03  8.4370e-03  2.9408e-01  -1.9609e+00  7.7256e-01  2.1131e-04  4.5926e-02  ;...
   4.1890e-03  8.4370e-03  2.9408e-01  -1.9609e+00  7.7256e-01  2.1410e-04  4.5926e-02  ;...
   4.2445e-03  8.4370e-03  2.9408e-01  -1.9609e+00  7.7256e-01  2.1694e-04  4.5926e-02  ;...
   4.3008e-03  8.4370e-03  2.9408e-01  -1.9608e+00  7.7256e-01  2.1982e-04  4.5926e-02  ;...
   4.3577e-03  8.4370e-03  2.9408e-01  -1.9608e+00  7.7256e-01  2.2272e-04  4.5926e-02  ;...
   4.4153e-03  8.4370e-03  2.9408e-01  -1.9608e+00  7.7256e-01  2.2568e-04  4.5926e-02  ;...
   4.4737e-03  8.4370e-03  2.9408e-01  -1.9607e+00  7.7256e-01  2.2866e-04  4.5926e-02  ;...
   4.5328e-03  8.4370e-03  2.9408e-01  -1.9607e+00  7.7256e-01  2.3168e-04  4.5926e-02  ;...
   4.5927e-03  8.4371e-03  2.9408e-01  -1.9607e+00  7.7256e-01  2.3473e-04  4.5926e-02  ;...
   4.6533e-03  8.4371e-03  2.9408e-01  -1.9606e+00  7.7256e-01  2.3784e-04  4.5926e-02  ;...
   4.7146e-03  8.4371e-03  2.9408e-01  -1.9606e+00  7.7256e-01  2.4097e-04  4.5926e-02  ;...
   4.7768e-03  8.4371e-03  2.9408e-01  -1.9605e+00  7.7256e-01  2.4415e-04  4.5926e-02  ;...
   4.8397e-03  8.4371e-03  2.9408e-01  -1.9605e+00  7.7256e-01  2.4737e-04  4.5926e-02  ;...
   4.9034e-03  8.4371e-03  2.9408e-01  -1.9605e+00  7.7256e-01  2.5062e-04  4.5926e-02  ;...
   4.9679e-03  8.4371e-03  2.9408e-01  -1.9604e+00  7.7256e-01  2.5391e-04  4.5926e-02  ;...
   5.0332e-03  8.4371e-03  2.9408e-01  -1.9604e+00  7.7256e-01  2.5726e-04  4.5926e-02  ;...
   5.0994e-03  8.4371e-03  2.9408e-01  -1.9603e+00  7.7256e-01  2.6064e-04  4.5926e-02  ;...
   5.1664e-03  8.4371e-03  2.9408e-01  -1.9603e+00  7.7256e-01  2.6406e-04  4.5926e-02  ;...
   5.2342e-03  8.4371e-03  2.9408e-01  -1.9603e+00  7.7256e-01  2.6753e-04  4.5926e-02  ;...
   5.3028e-03  8.4371e-03  2.9408e-01  -1.9602e+00  7.7256e-01  2.7104e-04  4.5926e-02  ;...
   5.3724e-03  8.4371e-03  2.9408e-01  -1.9602e+00  7.7256e-01  2.7459e-04  4.5926e-02  ;...
   5.4428e-03  8.4371e-03  2.9408e-01  -1.9601e+00  7.7256e-01  2.7819e-04  4.5926e-02  ;...
   5.5141e-03  8.4371e-03  2.9408e-01  -1.9601e+00  7.7256e-01  2.8183e-04  4.5926e-02  ;...
   5.5863e-03  8.4371e-03  2.9408e-01  -1.9601e+00  7.7256e-01  2.8552e-04  4.5926e-02  ;...
   5.6594e-03  8.4371e-03  2.9408e-01  -1.9600e+00  7.7256e-01  2.8926e-04  4.5926e-02  ;...
   5.7334e-03  8.4371e-03  2.9408e-01  -1.9600e+00  7.7256e-01  2.9305e-04  4.5926e-02  ;...
   5.8084e-03  8.4371e-03  2.9408e-01  -1.9599e+00  7.7256e-01  2.9687e-04  4.5926e-02  ;...
   5.8843e-03  8.4371e-03  2.9408e-01  -1.9599e+00  7.7256e-01  3.0076e-04  4.5926e-02  ;...
   5.9611e-03  8.4371e-03  2.9408e-01  -1.9598e+00  7.7256e-01  3.0468e-04  4.5926e-02  ;...
   6.0389e-03  8.4371e-03  2.9408e-01  -1.9598e+00  7.7256e-01  3.0866e-04  4.5926e-02  ;...
   6.1177e-03  8.4371e-03  2.9408e-01  -1.9597e+00  7.7256e-01  3.1269e-04  4.5926e-02  ;...
   6.1975e-03  8.4372e-03  2.9408e-01  -1.9597e+00  7.7256e-01  3.1677e-04  4.5926e-02  ;...
   6.2783e-03  8.4372e-03  2.9408e-01  -1.9597e+00  7.7256e-01  3.2089e-04  4.5926e-02  ;...
   6.3601e-03  8.4372e-03  2.9408e-01  -1.9596e+00  7.7256e-01  3.2507e-04  4.5926e-02  ;...
   6.4429e-03  8.4372e-03  2.9408e-01  -1.9596e+00  7.7256e-01  3.2931e-04  4.5926e-02  ;...
   6.5268e-03  8.4372e-03  2.9408e-01  -1.9595e+00  7.7256e-01  3.3360e-04  4.5926e-02  ;...
   6.6117e-03  8.4372e-03  2.9408e-01  -1.9595e+00  7.7256e-01  3.3793e-04  4.5926e-02  ;...
   6.6977e-03  8.4372e-03  2.9408e-01  -1.9594e+00  7.7256e-01  3.4233e-04  4.5926e-02  ;...
   6.7848e-03  8.4372e-03  2.9408e-01  -1.9594e+00  7.7256e-01  3.4678e-04  4.5926e-02  ;...
   6.8730e-03  8.4372e-03  2.9408e-01  -1.9593e+00  7.7256e-01  3.5129e-04  4.5926e-02  ;...
   6.9623e-03  8.4372e-03  2.9408e-01  -1.9593e+00  7.7256e-01  3.5585e-04  4.5926e-02  ;...
   7.0527e-03  8.4372e-03  2.9408e-01  -1.9592e+00  7.7256e-01  3.6047e-04  4.5926e-02  ;...
   7.1442e-03  8.4372e-03  2.9408e-01  -1.9592e+00  7.7256e-01  3.6515e-04  4.5926e-02  ;...
   7.2369e-03  8.4372e-03  2.9408e-01  -1.9591e+00  7.7256e-01  3.6989e-04  4.5926e-02  ;...
   7.3308e-03  8.4372e-03  2.9408e-01  -1.9591e+00  7.7256e-01  3.7468e-04  4.5926e-02  ;...
   7.4258e-03  8.4373e-03  2.9408e-01  -1.9590e+00  7.7256e-01  3.7954e-04  4.5926e-02  ;...
   7.5221e-03  8.4373e-03  2.9408e-01  -1.9590e+00  7.7256e-01  3.8446e-04  4.5926e-02  ;...
   7.6195e-03  8.4373e-03  2.9408e-01  -1.9589e+00  7.7256e-01  3.8944e-04  4.5926e-02  ;...
   7.7182e-03  8.4373e-03  2.9408e-01  -1.9589e+00  7.7256e-01  3.9449e-04  4.5926e-02  ;...
   7.8181e-03  8.4373e-03  2.9408e-01  -1.9588e+00  7.7256e-01  3.9959e-04  4.5926e-02  ;...
   7.9193e-03  8.4373e-03  2.9408e-01  -1.9588e+00  7.7256e-01  4.0476e-04  4.5926e-02  ;...
   8.0217e-03  8.4373e-03  2.9408e-01  -1.9587e+00  7.7256e-01  4.1000e-04  4.5926e-02  ;...
   8.1255e-03  8.4373e-03  2.9408e-01  -1.9587e+00  7.7256e-01  4.1530e-04  4.5926e-02  ;...
   8.2305e-03  8.4373e-03  2.9408e-01  -1.9586e+00  7.7256e-01  4.2067e-04  4.5926e-02  ;...
   8.3369e-03  8.4373e-03  2.9408e-01  -1.9586e+00  7.7256e-01  4.2610e-04  4.5926e-02  ;...
   8.4446e-03  8.4374e-03  2.9408e-01  -1.9585e+00  7.7256e-01  4.3161e-04  4.5926e-02  ;...
   8.5536e-03  8.4374e-03  2.9408e-01  -1.9585e+00  7.7256e-01  4.3718e-04  4.5927e-02  ;...
   8.6641e-03  8.4374e-03  2.9408e-01  -1.9584e+00  7.7256e-01  4.4283e-04  4.5927e-02  ;...
   8.7759e-03  8.4374e-03  2.9408e-01  -1.9584e+00  7.7256e-01  4.4854e-04  4.5927e-02  ;...
   8.8891e-03  8.4374e-03  2.9408e-01  -1.9583e+00  7.7256e-01  4.5433e-04  4.5927e-02  ;...
   9.0037e-03  8.4374e-03  2.9408e-01  -1.9582e+00  7.7256e-01  4.6019e-04  4.5927e-02  ;...
   9.1198e-03  8.4374e-03  2.9408e-01  -1.9582e+00  7.7256e-01  4.6612e-04  4.5927e-02  ;...
   9.2374e-03  8.4374e-03  2.9408e-01  -1.9581e+00  7.7256e-01  4.7213e-04  4.5927e-02  ;...
   9.3564e-03  8.4374e-03  2.9408e-01  -1.9581e+00  7.7256e-01  4.7821e-04  4.5927e-02  ;...
   9.4769e-03  8.4375e-03  2.9408e-01  -1.9580e+00  7.7256e-01  4.8437e-04  4.5927e-02  ;...
   9.5990e-03  8.4375e-03  2.9408e-01  -1.9580e+00  7.7256e-01  4.9061e-04  4.5927e-02  ;...
   9.7225e-03  8.4375e-03  2.9408e-01  -1.9579e+00  7.7256e-01  4.9692e-04  4.5927e-02  ;...
   9.8477e-03  8.4375e-03  2.9408e-01  -1.9578e+00  7.7256e-01  5.0332e-04  4.5927e-02  ;...
   9.9744e-03  8.4375e-03  2.9408e-01  -1.9578e+00  7.7256e-01  5.0979e-04  4.5927e-02  ;...
   1.0103e-02  8.4375e-03  2.9408e-01  -1.9577e+00  7.7256e-01  5.1635e-04  4.5927e-02  ;...
   1.0233e-02  8.4375e-03  2.9408e-01  -1.9577e+00  7.7256e-01  5.2299e-04  4.5927e-02  ;...
   1.0364e-02  8.4376e-03  2.9408e-01  -1.9576e+00  7.7256e-01  5.2971e-04  4.5927e-02  ;...
   1.0497e-02  8.4376e-03  2.9408e-01  -1.9575e+00  7.7256e-01  5.3652e-04  4.5927e-02  ;...
   1.0632e-02  8.4376e-03  2.9408e-01  -1.9575e+00  7.7256e-01  5.4341e-04  4.5927e-02  ;...
   1.0769e-02  8.4376e-03  2.9408e-01  -1.9574e+00  7.7256e-01  5.5039e-04  4.5927e-02  ;...
   1.0907e-02  8.4376e-03  2.9408e-01  -1.9573e+00  7.7256e-01  5.5746e-04  4.5927e-02  ;...
   1.1047e-02  8.4377e-03  2.9408e-01  -1.9573e+00  7.7256e-01  5.6462e-04  4.5927e-02  ;...
   1.1189e-02  8.4377e-03  2.9408e-01  -1.9572e+00  7.7256e-01  5.7186e-04  4.5927e-02  ;...
   1.1332e-02  8.4377e-03  2.9408e-01  -1.9572e+00  7.7256e-01  5.7920e-04  4.5927e-02  ;...
   1.1478e-02  8.4377e-03  2.9408e-01  -1.9571e+00  7.7256e-01  5.8663e-04  4.5927e-02  ;...
   1.1625e-02  8.4377e-03  2.9408e-01  -1.9570e+00  7.7256e-01  5.9415e-04  4.5928e-02  ;...
   1.1774e-02  8.4378e-03  2.9408e-01  -1.9570e+00  7.7256e-01  6.0177e-04  4.5928e-02  ;...
   1.1925e-02  8.4378e-03  2.9408e-01  -1.9569e+00  7.7256e-01  6.0948e-04  4.5928e-02  ;...
   1.2078e-02  8.4378e-03  2.9408e-01  -1.9568e+00  7.7256e-01  6.1729e-04  4.5928e-02  ;...
   1.2233e-02  8.4378e-03  2.9408e-01  -1.9568e+00  7.7256e-01  6.2520e-04  4.5928e-02  ;...
   1.2389e-02  8.4378e-03  2.9408e-01  -1.9567e+00  7.7256e-01  6.3321e-04  4.5928e-02  ;...
   1.2548e-02  8.4379e-03  2.9408e-01  -1.9566e+00  7.7256e-01  6.4132e-04  4.5928e-02  ;...
   1.2709e-02  8.4379e-03  2.9408e-01  -1.9566e+00  7.7256e-01  6.4953e-04  4.5928e-02  ;...
   1.2871e-02  8.4379e-03  2.9408e-01  -1.9565e+00  7.7256e-01  6.5784e-04  4.5928e-02  ;...
   1.3036e-02  8.4379e-03  2.9408e-01  -1.9564e+00  7.7256e-01  6.6626e-04  4.5928e-02  ;...
   1.3203e-02  8.4380e-03  2.9408e-01  -1.9563e+00  7.7256e-01  6.7479e-04  4.5928e-02  ;...
   1.3372e-02  8.4380e-03  2.9408e-01  -1.9563e+00  7.7256e-01  6.8342e-04  4.5928e-02  ;...
   1.3543e-02  8.4380e-03  2.9408e-01  -1.9562e+00  7.7256e-01  6.9216e-04  4.5928e-02  ;...
   1.3716e-02  8.4380e-03  2.9408e-01  -1.9561e+00  7.7256e-01  7.0101e-04  4.5928e-02  ;...
   1.3891e-02  8.4381e-03  2.9408e-01  -1.9561e+00  7.7256e-01  7.0997e-04  4.5928e-02  ;...
   1.4069e-02  8.4381e-03  2.9408e-01  -1.9560e+00  7.7256e-01  7.1905e-04  4.5929e-02  ;...
   1.4249e-02  8.4381e-03  2.9408e-01  -1.9559e+00  7.7257e-01  7.2823e-04  4.5929e-02  ;...
   1.4431e-02  8.4382e-03  2.9408e-01  -1.9558e+00  7.7257e-01  7.3754e-04  4.5929e-02  ;...
   1.4615e-02  8.4382e-03  2.9408e-01  -1.9558e+00  7.7257e-01  7.4696e-04  4.5929e-02  ;...
   1.4802e-02  8.4382e-03  2.9408e-01  -1.9557e+00  7.7257e-01  7.5649e-04  4.5929e-02  ;...
   1.4991e-02  8.4383e-03  2.9408e-01  -1.9556e+00  7.7257e-01  7.6615e-04  4.5929e-02  ;...
   1.5182e-02  8.4383e-03  2.9408e-01  -1.9555e+00  7.7257e-01  7.7594e-04  4.5929e-02  ;...
   1.5376e-02  8.4383e-03  2.9408e-01  -1.9555e+00  7.7257e-01  7.8584e-04  4.5929e-02  ;...
   1.5572e-02  8.4384e-03  2.9408e-01  -1.9554e+00  7.7257e-01  7.9587e-04  4.5929e-02  ;...
   1.5771e-02  8.4384e-03  2.9408e-01  -1.9553e+00  7.7257e-01  8.0602e-04  4.5929e-02  ;...
   1.5972e-02  8.4384e-03  2.9408e-01  -1.9552e+00  7.7257e-01  8.1630e-04  4.5929e-02  ;...
   1.6176e-02  8.4385e-03  2.9408e-01  -1.9551e+00  7.7257e-01  8.2671e-04  4.5930e-02  ;...
   1.6382e-02  8.4385e-03  2.9408e-01  -1.9551e+00  7.7257e-01  8.3725e-04  4.5930e-02  ;...
   1.6591e-02  8.4386e-03  2.9408e-01  -1.9550e+00  7.7257e-01  8.4793e-04  4.5930e-02  ;...
   1.6803e-02  8.4386e-03  2.9408e-01  -1.9549e+00  7.7257e-01  8.5874e-04  4.5930e-02  ;...
   1.7017e-02  8.4386e-03  2.9408e-01  -1.9548e+00  7.7257e-01  8.6968e-04  4.5930e-02  ;...
   1.7234e-02  8.4387e-03  2.9408e-01  -1.9547e+00  7.7257e-01  8.8076e-04  4.5930e-02  ;...
   1.7453e-02  8.4387e-03  2.9408e-01  -1.9547e+00  7.7257e-01  8.9198e-04  4.5930e-02  ;...
   1.7676e-02  8.4388e-03  2.9408e-01  -1.9546e+00  7.7257e-01  9.0335e-04  4.5930e-02  ;...
   1.7901e-02  8.4388e-03  2.9408e-01  -1.9545e+00  7.7257e-01  9.1485e-04  4.5931e-02  ;...
   1.8129e-02  8.4389e-03  2.9408e-01  -1.9544e+00  7.7257e-01  9.2650e-04  4.5931e-02  ;...
   1.8360e-02  8.4389e-03  2.9408e-01  -1.9543e+00  7.7257e-01  9.3830e-04  4.5931e-02  ;...
   1.8594e-02  8.4390e-03  2.9408e-01  -1.9542e+00  7.7257e-01  9.5024e-04  4.5931e-02  ;...
   1.8830e-02  8.4390e-03  2.9408e-01  -1.9541e+00  7.7257e-01  9.6234e-04  4.5931e-02  ;...
   1.9070e-02  8.4391e-03  2.9408e-01  -1.9541e+00  7.7257e-01  9.7458e-04  4.5931e-02  ;...
   1.9313e-02  8.4391e-03  2.9408e-01  -1.9540e+00  7.7257e-01  9.8698e-04  4.5931e-02  ;...
   1.9558e-02  8.4392e-03  2.9408e-01  -1.9539e+00  7.7257e-01  9.9954e-04  4.5932e-02  ;...
   1.9807e-02  8.4393e-03  2.9408e-01  -1.9538e+00  7.7257e-01  1.0123e-03  4.5932e-02  ;...
   2.0059e-02  8.4393e-03  2.9408e-01  -1.9537e+00  7.7257e-01  1.0251e-03  4.5932e-02  ;...
   2.0314e-02  8.4394e-03  2.9408e-01  -1.9536e+00  7.7257e-01  1.0382e-03  4.5932e-02  ;...
   2.0573e-02  8.4394e-03  2.9408e-01  -1.9535e+00  7.7257e-01  1.0514e-03  4.5932e-02  ;...
   2.0834e-02  8.4395e-03  2.9408e-01  -1.9534e+00  7.7257e-01  1.0647e-03  4.5932e-02  ;...
   2.1099e-02  8.4396e-03  2.9408e-01  -1.9533e+00  7.7257e-01  1.0783e-03  4.5933e-02  ;...
   2.1367e-02  8.4396e-03  2.9408e-01  -1.9532e+00  7.7257e-01  1.0920e-03  4.5933e-02  ;...
   2.1639e-02  8.4397e-03  2.9408e-01  -1.9531e+00  7.7257e-01  1.1058e-03  4.5933e-02  ;...
   2.1914e-02  8.4398e-03  2.9408e-01  -1.9531e+00  7.7257e-01  1.1199e-03  4.5933e-02  ;...
   2.2193e-02  8.4399e-03  2.9408e-01  -1.9530e+00  7.7257e-01  1.1341e-03  4.5933e-02  ;...
   2.2475e-02  8.4399e-03  2.9408e-01  -1.9529e+00  7.7257e-01  1.1485e-03  4.5933e-02  ;...
   2.2760e-02  8.4400e-03  2.9408e-01  -1.9528e+00  7.7257e-01  1.1631e-03  4.5934e-02  ;...
   2.3049e-02  8.4401e-03  2.9408e-01  -1.9527e+00  7.7257e-01  1.1779e-03  4.5934e-02  ;...
   2.3342e-02  8.4402e-03  2.9408e-01  -1.9526e+00  7.7257e-01  1.1928e-03  4.5934e-02  ;...
   2.3638e-02  8.4402e-03  2.9408e-01  -1.9525e+00  7.7257e-01  1.2080e-03  4.5934e-02  ;...
   2.3939e-02  8.4403e-03  2.9408e-01  -1.9524e+00  7.7257e-01  1.2233e-03  4.5935e-02  ;...
   2.4243e-02  8.4404e-03  2.9408e-01  -1.9523e+00  7.7257e-01  1.2388e-03  4.5935e-02  ;...
   2.4550e-02  8.4405e-03  2.9408e-01  -1.9522e+00  7.7258e-01  1.2546e-03  4.5935e-02  ;...
   2.4862e-02  8.4406e-03  2.9408e-01  -1.9521e+00  7.7258e-01  1.2705e-03  4.5935e-02  ;...
   2.5177e-02  8.4407e-03  2.9408e-01  -1.9520e+00  7.7258e-01  1.2866e-03  4.5936e-02  ;...
   2.5497e-02  8.4408e-03  2.9408e-01  -1.9519e+00  7.7258e-01  1.3029e-03  4.5936e-02  ;...
   2.5821e-02  8.4409e-03  2.9408e-01  -1.9518e+00  7.7258e-01  1.3194e-03  4.5936e-02  ;...
   2.6148e-02  8.4410e-03  2.9408e-01  -1.9516e+00  7.7258e-01  1.3362e-03  4.5936e-02  ;...
   2.6480e-02  8.4411e-03  2.9408e-01  -1.9515e+00  7.7258e-01  1.3531e-03  4.5937e-02  ;...
   2.6816e-02  8.4412e-03  2.9408e-01  -1.9514e+00  7.7258e-01  1.3703e-03  4.5937e-02  ;...
   2.7156e-02  8.4413e-03  2.9408e-01  -1.9513e+00  7.7258e-01  1.3876e-03  4.5937e-02  ;...
   2.7500e-02  8.4414e-03  2.9408e-01  -1.9512e+00  7.7258e-01  1.4052e-03  4.5938e-02  ;...
   2.7849e-02  8.4415e-03  2.9408e-01  -1.9511e+00  7.7258e-01  1.4230e-03  4.5938e-02  ;...
   2.8202e-02  8.4417e-03  2.9408e-01  -1.9510e+00  7.7258e-01  1.4411e-03  4.5938e-02  ;...
   2.8560e-02  8.4418e-03  2.9408e-01  -1.9509e+00  7.7258e-01  1.4593e-03  4.5939e-02  ;...
   2.8922e-02  8.4419e-03  2.9408e-01  -1.9508e+00  7.7258e-01  1.4778e-03  4.5939e-02  ;...
   2.9289e-02  8.4420e-03  2.9408e-01  -1.9507e+00  7.7258e-01  1.4966e-03  4.5939e-02  ;...
   2.9660e-02  8.4422e-03  2.9408e-01  -1.9505e+00  7.7258e-01  1.5155e-03  4.5940e-02  ;...
   3.0036e-02  8.4423e-03  2.9408e-01  -1.9504e+00  7.7258e-01  1.5347e-03  4.5940e-02  ;...
   3.0416e-02  8.4424e-03  2.9408e-01  -1.9503e+00  7.7258e-01  1.5542e-03  4.5940e-02  ;...
   3.0802e-02  8.4426e-03  2.9408e-01  -1.9502e+00  7.7258e-01  1.5738e-03  4.5941e-02  ;...
   3.1192e-02  8.4427e-03  2.9408e-01  -1.9501e+00  7.7258e-01  1.5938e-03  4.5941e-02  ;...
   3.1587e-02  8.4429e-03  2.9408e-01  -1.9500e+00  7.7258e-01  1.6139e-03  4.5941e-02  ;...
   3.1987e-02  8.4430e-03  2.9408e-01  -1.9498e+00  7.7259e-01  1.6344e-03  4.5942e-02  ;...
   3.2393e-02  8.4432e-03  2.9408e-01  -1.9497e+00  7.7259e-01  1.6551e-03  4.5942e-02  ;...
   3.2803e-02  8.4433e-03  2.9408e-01  -1.9496e+00  7.7259e-01  1.6760e-03  4.5943e-02  ;...
   3.3218e-02  8.4435e-03  2.9408e-01  -1.9495e+00  7.7259e-01  1.6972e-03  4.5943e-02  ;...
   3.3639e-02  8.4437e-03  2.9408e-01  -1.9494e+00  7.7259e-01  1.7187e-03  4.5944e-02  ;...
   3.4065e-02  8.4438e-03  2.9408e-01  -1.9492e+00  7.7259e-01  1.7404e-03  4.5944e-02  ;...
   3.4496e-02  8.4440e-03  2.9408e-01  -1.9491e+00  7.7259e-01  1.7625e-03  4.5945e-02  ;...
   3.4933e-02  8.4442e-03  2.9408e-01  -1.9490e+00  7.7259e-01  1.7848e-03  4.5945e-02  ;...
   3.5375e-02  8.4444e-03  2.9408e-01  -1.9489e+00  7.7259e-01  1.8073e-03  4.5946e-02  ;...
   3.5823e-02  8.4446e-03  2.9408e-01  -1.9487e+00  7.7259e-01  1.8302e-03  4.5946e-02  ;...
   3.6276e-02  8.4447e-03  2.9408e-01  -1.9486e+00  7.7259e-01  1.8533e-03  4.5947e-02  ;...
   3.6736e-02  8.4449e-03  2.9408e-01  -1.9485e+00  7.7259e-01  1.8768e-03  4.5947e-02  ;...
   3.7200e-02  8.4452e-03  2.9408e-01  -1.9483e+00  7.7259e-01  1.9005e-03  4.5948e-02  ;...
   3.7671e-02  8.4454e-03  2.9408e-01  -1.9482e+00  7.7260e-01  1.9245e-03  4.5948e-02  ;...
   3.8148e-02  8.4456e-03  2.9408e-01  -1.9481e+00  7.7260e-01  1.9489e-03  4.5949e-02  ;...
   3.8631e-02  8.4458e-03  2.9408e-01  -1.9479e+00  7.7260e-01  1.9735e-03  4.5949e-02  ;...
   3.9119e-02  8.4460e-03  2.9408e-01  -1.9478e+00  7.7260e-01  1.9984e-03  4.5950e-02  ;...
   3.9614e-02  8.4463e-03  2.9408e-01  -1.9477e+00  7.7260e-01  2.0237e-03  4.5951e-02  ;...
   4.0115e-02  8.4465e-03  2.9408e-01  -1.9475e+00  7.7260e-01  2.0493e-03  4.5951e-02  ;...
   4.0623e-02  8.4467e-03  2.9408e-01  -1.9474e+00  7.7260e-01  2.0751e-03  4.5952e-02  ;...
   4.1137e-02  8.4470e-03  2.9408e-01  -1.9473e+00  7.7260e-01  2.1014e-03  4.5953e-02  ;...
   4.1657e-02  8.4472e-03  2.9408e-01  -1.9471e+00  7.7260e-01  2.1279e-03  4.5953e-02  ;...
   4.2184e-02  8.4475e-03  2.9408e-01  -1.9470e+00  7.7260e-01  2.1548e-03  4.5954e-02  ;...
   4.2717e-02  8.4478e-03  2.9408e-01  -1.9468e+00  7.7261e-01  2.1820e-03  4.5955e-02  ;...
   4.3257e-02  8.4480e-03  2.9408e-01  -1.9467e+00  7.7261e-01  2.2096e-03  4.5956e-02  ;...
   4.3804e-02  8.4483e-03  2.9408e-01  -1.9466e+00  7.7261e-01  2.2375e-03  4.5956e-02  ;...
   4.4358e-02  8.4486e-03  2.9408e-01  -1.9464e+00  7.7261e-01  2.2657e-03  4.5957e-02  ;...
   4.4919e-02  8.4489e-03  2.9408e-01  -1.9463e+00  7.7261e-01  2.2943e-03  4.5958e-02  ;...
   4.5487e-02  8.4492e-03  2.9408e-01  -1.9461e+00  7.7261e-01  2.3233e-03  4.5959e-02  ;...
   4.6062e-02  8.4495e-03  2.9408e-01  -1.9460e+00  7.7261e-01  2.3526e-03  4.5960e-02  ;...
   4.6644e-02  8.4499e-03  2.9408e-01  -1.9458e+00  7.7261e-01  2.3823e-03  4.5961e-02  ;...
   4.7233e-02  8.4502e-03  2.9408e-01  -1.9457e+00  7.7261e-01  2.4124e-03  4.5961e-02  ;...
   4.7830e-02  8.4505e-03  2.9408e-01  -1.9455e+00  7.7262e-01  2.4428e-03  4.5962e-02  ;...
   4.8435e-02  8.4509e-03  2.9408e-01  -1.9454e+00  7.7262e-01  2.4736e-03  4.5963e-02  ;...
   4.9047e-02  8.4512e-03  2.9408e-01  -1.9452e+00  7.7262e-01  2.5048e-03  4.5964e-02  ;...
   4.9667e-02  8.4516e-03  2.9408e-01  -1.9451e+00  7.7262e-01  2.5364e-03  4.5965e-02  ;...
   5.0294e-02  8.4520e-03  2.9408e-01  -1.9449e+00  7.7262e-01  2.5684e-03  4.5966e-02  ;...
   5.0930e-02  8.4523e-03  2.9408e-01  -1.9447e+00  7.7262e-01  2.6008e-03  4.5967e-02  ;...
   5.1573e-02  8.4527e-03  2.9408e-01  -1.9446e+00  7.7263e-01  2.6336e-03  4.5968e-02  ;...
   5.2225e-02  8.4531e-03  2.9408e-01  -1.9444e+00  7.7263e-01  2.6668e-03  4.5969e-02  ;...
   5.2884e-02  8.4536e-03  2.9408e-01  -1.9443e+00  7.7263e-01  2.7005e-03  4.5971e-02  ;...
   5.3552e-02  8.4540e-03  2.9408e-01  -1.9441e+00  7.7263e-01  2.7345e-03  4.5972e-02  ;...
   5.4229e-02  8.4544e-03  2.9408e-01  -1.9439e+00  7.7263e-01  2.7690e-03  4.5973e-02  ;...
   5.4914e-02  8.4549e-03  2.9408e-01  -1.9438e+00  7.7263e-01  2.8039e-03  4.5974e-02  ;...
   5.5607e-02  8.4553e-03  2.9408e-01  -1.9436e+00  7.7264e-01  2.8392e-03  4.5975e-02  ;...
   5.6310e-02  8.4558e-03  2.9408e-01  -1.9434e+00  7.7264e-01  2.8750e-03  4.5977e-02  ;...
   5.7021e-02  8.4563e-03  2.9408e-01  -1.9433e+00  7.7264e-01  2.9112e-03  4.5978e-02  ;...
   5.7741e-02  8.4568e-03  2.9408e-01  -1.9431e+00  7.7264e-01  2.9479e-03  4.5979e-02  ;...
   5.8470e-02  8.4573e-03  2.9408e-01  -1.9429e+00  7.7264e-01  2.9850e-03  4.5981e-02  ;...
   5.9208e-02  8.4578e-03  2.9408e-01  -1.9428e+00  7.7264e-01  3.0226e-03  4.5982e-02  ;...
   5.9956e-02  8.4583e-03  2.9408e-01  -1.9426e+00  7.7265e-01  3.0607e-03  4.5983e-02  ;...
   6.0713e-02  8.4588e-03  2.9408e-01  -1.9424e+00  7.7265e-01  3.0993e-03  4.5985e-02  ;...
   6.1479e-02  8.4594e-03  2.9408e-01  -1.9422e+00  7.7265e-01  3.1383e-03  4.5986e-02  ;...
   6.2256e-02  8.4600e-03  2.9408e-01  -1.9421e+00  7.7265e-01  3.1778e-03  4.5988e-02  ;...
   6.3041e-02  8.4606e-03  2.9408e-01  -1.9419e+00  7.7266e-01  3.2178e-03  4.5990e-02  ;...
   6.3837e-02  8.4612e-03  2.9408e-01  -1.9417e+00  7.7266e-01  3.2583e-03  4.5991e-02  ;...
   6.4643e-02  8.4618e-03  2.9407e-01  -1.9415e+00  7.7266e-01  3.2993e-03  4.5993e-02  ;...
   6.5459e-02  8.4624e-03  2.9407e-01  -1.9413e+00  7.7266e-01  3.3409e-03  4.5995e-02  ;...
   6.6285e-02  8.4631e-03  2.9407e-01  -1.9412e+00  7.7267e-01  3.3829e-03  4.5996e-02  ;...
   6.7122e-02  8.4637e-03  2.9407e-01  -1.9410e+00  7.7267e-01  3.4255e-03  4.5998e-02  ;...
   6.7969e-02  8.4644e-03  2.9407e-01  -1.9408e+00  7.7267e-01  3.4686e-03  4.6000e-02  ;...
   6.8827e-02  8.4651e-03  2.9407e-01  -1.9406e+00  7.7267e-01  3.5122e-03  4.6002e-02  ;...
   6.9695e-02  8.4658e-03  2.9407e-01  -1.9404e+00  7.7268e-01  3.5564e-03  4.6004e-02  ;...
   7.0575e-02  8.4666e-03  2.9407e-01  -1.9402e+00  7.7268e-01  3.6011e-03  4.6006e-02  ;...
   7.1465e-02  8.4673e-03  2.9407e-01  -1.9400e+00  7.7268e-01  3.6464e-03  4.6008e-02  ;...
   7.2367e-02  8.4681e-03  2.9407e-01  -1.9398e+00  7.7268e-01  3.6922e-03  4.6010e-02  ;...
   7.3280e-02  8.4689e-03  2.9407e-01  -1.9396e+00  7.7269e-01  3.7387e-03  4.6012e-02  ;...
   7.4205e-02  8.4697e-03  2.9407e-01  -1.9394e+00  7.7269e-01  3.7856e-03  4.6014e-02  ;...
   7.5141e-02  8.4705e-03  2.9407e-01  -1.9392e+00  7.7269e-01  3.8332e-03  4.6017e-02  ;...
   7.6089e-02  8.4714e-03  2.9407e-01  -1.9390e+00  7.7270e-01  3.8814e-03  4.6019e-02  ;...
   7.7049e-02  8.4723e-03  2.9407e-01  -1.9388e+00  7.7270e-01  3.9302e-03  4.6021e-02  ;...
   7.8021e-02  8.4732e-03  2.9407e-01  -1.9386e+00  7.7270e-01  3.9795e-03  4.6024e-02  ;...
   7.9005e-02  8.4741e-03  2.9407e-01  -1.9384e+00  7.7271e-01  4.0295e-03  4.6026e-02  ;...
   8.0002e-02  8.4750e-03  2.9407e-01  -1.9382e+00  7.7271e-01  4.0801e-03  4.6029e-02  ;...
   8.1011e-02  8.4760e-03  2.9407e-01  -1.9380e+00  7.7271e-01  4.1314e-03  4.6032e-02  ;...
   8.2033e-02  8.4770e-03  2.9407e-01  -1.9378e+00  7.7272e-01  4.1833e-03  4.6034e-02  ;...
   8.3067e-02  8.4780e-03  2.9407e-01  -1.9376e+00  7.7272e-01  4.2358e-03  4.6037e-02  ;...
   8.4115e-02  8.4790e-03  2.9407e-01  -1.9374e+00  7.7272e-01  4.2889e-03  4.6040e-02  ;...
   8.5176e-02  8.4801e-03  2.9407e-01  -1.9372e+00  7.7273e-01  4.3428e-03  4.6043e-02  ;...
   8.6250e-02  8.4812e-03  2.9407e-01  -1.9370e+00  7.7273e-01  4.3973e-03  4.6046e-02  ;...
   8.7338e-02  8.4823e-03  2.9407e-01  -1.9367e+00  7.7273e-01  4.4524e-03  4.6049e-02  ;...
   8.8439e-02  8.4835e-03  2.9407e-01  -1.9365e+00  7.7274e-01  4.5083e-03  4.6052e-02  ;...
   8.9554e-02  8.4847e-03  2.9407e-01  -1.9363e+00  7.7274e-01  4.5648e-03  4.6055e-02  ;...
   9.0684e-02  8.4859e-03  2.9407e-01  -1.9361e+00  7.7275e-01  4.6221e-03  4.6058e-02  ;...
   9.1827e-02  8.4871e-03  2.9407e-01  -1.9358e+00  7.7275e-01  4.6800e-03  4.6062e-02  ;...
   9.2985e-02  8.4884e-03  2.9407e-01  -1.9356e+00  7.7275e-01  4.7387e-03  4.6065e-02  ;...
   9.4158e-02  8.4897e-03  2.9407e-01  -1.9354e+00  7.7276e-01  4.7981e-03  4.6069e-02  ;...
   9.5345e-02  8.4911e-03  2.9407e-01  -1.9352e+00  7.7276e-01  4.8582e-03  4.6072e-02  ;...
   9.6547e-02  8.4924e-03  2.9407e-01  -1.9349e+00  7.7277e-01  4.9191e-03  4.6076e-02  ;...
   9.7764e-02  8.4939e-03  2.9407e-01  -1.9347e+00  7.7277e-01  4.9807e-03  4.6080e-02  ;...
   9.8997e-02  8.4953e-03  2.9407e-01  -1.9345e+00  7.7278e-01  5.0431e-03  4.6084e-02  ;...
   1.0024e-01  8.4968e-03  2.9407e-01  -1.9342e+00  7.7278e-01  5.1062e-03  4.6088e-02  ;...
   1.0151e-01  8.4983e-03  2.9407e-01  -1.9340e+00  7.7279e-01  5.1701e-03  4.6092e-02  ;...
   1.0279e-01  8.4999e-03  2.9407e-01  -1.9337e+00  7.7279e-01  5.2348e-03  4.6096e-02  ;...
   1.0408e-01  8.5015e-03  2.9407e-01  -1.9335e+00  7.7280e-01  5.3003e-03  4.6101e-02  ;...
   1.0540e-01  8.5031e-03  2.9407e-01  -1.9332e+00  7.7280e-01  5.3666e-03  4.6105e-02  ;...
   1.0672e-01  8.5048e-03  2.9406e-01  -1.9330e+00  7.7281e-01  5.4338e-03  4.6110e-02  ;...
   1.0807e-01  8.5065e-03  2.9406e-01  -1.9328e+00  7.7281e-01  5.5017e-03  4.6114e-02  ;...
   1.0943e-01  8.5083e-03  2.9406e-01  -1.9325e+00  7.7282e-01  5.5705e-03  4.6119e-02  ;...
   1.1081e-01  8.5101e-03  2.9406e-01  -1.9322e+00  7.7282e-01  5.6401e-03  4.6124e-02  ;...
   1.1221e-01  8.5120e-03  2.9406e-01  -1.9320e+00  7.7283e-01  5.7106e-03  4.6129e-02  ;...
   1.1362e-01  8.5139e-03  2.9406e-01  -1.9317e+00  7.7283e-01  5.7820e-03  4.6134e-02  ;...
   1.1505e-01  8.5159e-03  2.9406e-01  -1.9315e+00  7.7284e-01  5.8542e-03  4.6140e-02  ;...
   1.1650e-01  8.5179e-03  2.9406e-01  -1.9312e+00  7.7284e-01  5.9273e-03  4.6145e-02  ;...
   1.1797e-01  8.5199e-03  2.9406e-01  -1.9309e+00  7.7285e-01  6.0013e-03  4.6151e-02  ;...
   1.1946e-01  8.5220e-03  2.9406e-01  -1.9307e+00  7.7285e-01  6.0762e-03  4.6156e-02  ;...
   1.2096e-01  8.5242e-03  2.9406e-01  -1.9304e+00  7.7286e-01  6.1520e-03  4.6162e-02  ;...
   1.2249e-01  8.5264e-03  2.9406e-01  -1.9301e+00  7.7287e-01  6.2287e-03  4.6168e-02  ;...
   1.2403e-01  8.5287e-03  2.9406e-01  -1.9299e+00  7.7287e-01  6.3064e-03  4.6174e-02  ;...
   1.2560e-01  8.5311e-03  2.9406e-01  -1.9296e+00  7.7288e-01  6.3850e-03  4.6181e-02  ;...
   1.2718e-01  8.5335e-03  2.9406e-01  -1.9293e+00  7.7288e-01  6.4646e-03  4.6187e-02  ;...
   1.2878e-01  8.5359e-03  2.9406e-01  -1.9290e+00  7.7289e-01  6.5451e-03  4.6194e-02  ;...
   1.3040e-01  8.5384e-03  2.9406e-01  -1.9287e+00  7.7290e-01  6.6267e-03  4.6201e-02  ;...
   1.3205e-01  8.5410e-03  2.9406e-01  -1.9284e+00  7.7290e-01  6.7092e-03  4.6208e-02  ;...
   1.3371e-01  8.5437e-03  2.9406e-01  -1.9282e+00  7.7291e-01  6.7927e-03  4.6215e-02  ;...
   1.3540e-01  8.5464e-03  2.9405e-01  -1.9279e+00  7.7291e-01  6.8772e-03  4.6222e-02  ;...
   1.3710e-01  8.5492e-03  2.9405e-01  -1.9276e+00  7.7292e-01  6.9627e-03  4.6230e-02  ;...
   1.3883e-01  8.5520e-03  2.9405e-01  -1.9273e+00  7.7293e-01  7.0493e-03  4.6238e-02  ;...
   1.4058e-01  8.5550e-03  2.9405e-01  -1.9270e+00  7.7293e-01  7.1369e-03  4.6246e-02  ;...
   1.4235e-01  8.5580e-03  2.9405e-01  -1.9267e+00  7.7294e-01  7.2256e-03  4.6254e-02  ;...
   1.4414e-01  8.5611e-03  2.9405e-01  -1.9263e+00  7.7294e-01  7.3154e-03  4.6262e-02  ;...
   1.4596e-01  8.5642e-03  2.9405e-01  -1.9260e+00  7.7295e-01  7.4062e-03  4.6271e-02  ;...
   1.4780e-01  8.5675e-03  2.9405e-01  -1.9257e+00  7.7296e-01  7.4981e-03  4.6279e-02  ;...
   1.4966e-01  8.5708e-03  2.9405e-01  -1.9254e+00  7.7296e-01  7.5911e-03  4.6288e-02  ;...
   1.5154e-01  8.5742e-03  2.9405e-01  -1.9251e+00  7.7297e-01  7.6853e-03  4.6298e-02  ;...
   1.5345e-01  8.5777e-03  2.9405e-01  -1.9248e+00  7.7297e-01  7.7805e-03  4.6307e-02  ;...
   1.5539e-01  8.5813e-03  2.9405e-01  -1.9244e+00  7.7298e-01  7.8770e-03  4.6317e-02  ;...
   1.5734e-01  8.5850e-03  2.9405e-01  -1.9241e+00  7.7298e-01  7.9745e-03  4.6327e-02  ;...
   1.5933e-01  8.5888e-03  2.9404e-01  -1.9238e+00  7.7299e-01  8.0732e-03  4.6337e-02  ;...
   1.6133e-01  8.5927e-03  2.9404e-01  -1.9234e+00  7.7299e-01  8.1731e-03  4.6347e-02  ;...
   1.6336e-01  8.5967e-03  2.9404e-01  -1.9231e+00  7.7300e-01  8.2742e-03  4.6358e-02  ;...
   1.6542e-01  8.6007e-03  2.9404e-01  -1.9227e+00  7.7301e-01  8.3765e-03  4.6369e-02  ;...
   1.6751e-01  8.6049e-03  2.9404e-01  -1.9224e+00  7.7301e-01  8.4800e-03  4.6380e-02  ;...
   1.6962e-01  8.6092e-03  2.9404e-01  -1.9220e+00  7.7301e-01  8.5847e-03  4.6392e-02  ;...
   1.7175e-01  8.6136e-03  2.9404e-01  -1.9217e+00  7.7302e-01  8.6907e-03  4.6404e-02  ;...
   1.7391e-01  8.6181e-03  2.9404e-01  -1.9213e+00  7.7302e-01  8.7979e-03  4.6416e-02  ;...
   1.7611e-01  8.6228e-03  2.9404e-01  -1.9209e+00  7.7303e-01  8.9064e-03  4.6428e-02  ;...
   1.7832e-01  8.6275e-03  2.9404e-01  -1.9206e+00  7.7303e-01  9.0161e-03  4.6441e-02  ;...
   1.8057e-01  8.6324e-03  2.9403e-01  -1.9202e+00  7.7303e-01  9.1271e-03  4.6454e-02  ;...
   1.8284e-01  8.6374e-03  2.9403e-01  -1.9198e+00  7.7304e-01  9.2395e-03  4.6468e-02  ;...
   1.8515e-01  8.6425e-03  2.9403e-01  -1.9194e+00  7.7304e-01  9.3531e-03  4.6482e-02  ;...
   1.8748e-01  8.6478e-03  2.9403e-01  -1.9190e+00  7.7304e-01  9.4681e-03  4.6496e-02  ;...
   1.8984e-01  8.6532e-03  2.9403e-01  -1.9186e+00  7.7304e-01  9.5844e-03  4.6510e-02  ;...
   1.9223e-01  8.6587e-03  2.9403e-01  -1.9182e+00  7.7304e-01  9.7021e-03  4.6525e-02  ;...
   1.9465e-01  8.6644e-03  2.9403e-01  -1.9178e+00  7.7304e-01  9.8211e-03  4.6540e-02  ;...
   1.9710e-01  8.6702e-03  2.9403e-01  -1.9174e+00  7.7304e-01  9.9416e-03  4.6556e-02  ;...
   1.9958e-01  8.6762e-03  2.9402e-01  -1.9170e+00  7.7304e-01  1.0063e-02  4.6572e-02  ;...
   2.0210e-01  8.6824e-03  2.9402e-01  -1.9166e+00  7.7304e-01  1.0187e-02  4.6589e-02  ;...
   2.0464e-01  8.6887e-03  2.9402e-01  -1.9161e+00  7.7304e-01  1.0311e-02  4.6605e-02  ;...
   2.0722e-01  8.6951e-03  2.9402e-01  -1.9157e+00  7.7304e-01  1.0437e-02  4.6623e-02  ;...
   2.0983e-01  8.7017e-03  2.9402e-01  -1.9152e+00  7.7303e-01  1.0565e-02  4.6640e-02  ;...
   2.1247e-01  8.7085e-03  2.9402e-01  -1.9148e+00  7.7303e-01  1.0694e-02  4.6659e-02  ;...
   2.1515e-01  8.7155e-03  2.9402e-01  -1.9143e+00  7.7302e-01  1.0824e-02  4.6677e-02  ;...
   2.1785e-01  8.7226e-03  2.9401e-01  -1.9138e+00  7.7302e-01  1.0956e-02  4.6696e-02  ;...
   2.2060e-01  8.7300e-03  2.9401e-01  -1.9134e+00  7.7301e-01  1.1089e-02  4.6716e-02  ;...
   2.2337e-01  8.7375e-03  2.9401e-01  -1.9129e+00  7.7300e-01  1.1224e-02  4.6736e-02  ;...
   2.2619e-01  8.7452e-03  2.9401e-01  -1.9124e+00  7.7299e-01  1.1361e-02  4.6757e-02  ;...
   2.2904e-01  8.7532e-03  2.9401e-01  -1.9119e+00  7.7298e-01  1.1499e-02  4.6778e-02  ;...
   2.3192e-01  8.7613e-03  2.9400e-01  -1.9114e+00  7.7296e-01  1.1638e-02  4.6800e-02  ;...
   2.3484e-01  8.7696e-03  2.9400e-01  -1.9108e+00  7.7295e-01  1.1779e-02  4.6822e-02  ;...
   2.3780e-01  8.7782e-03  2.9400e-01  -1.9103e+00  7.7293e-01  1.1922e-02  4.6845e-02  ;...
   2.4079e-01  8.7870e-03  2.9400e-01  -1.9098e+00  7.7292e-01  1.2066e-02  4.6868e-02  ;...
   2.4382e-01  8.7960e-03  2.9400e-01  -1.9092e+00  7.7290e-01  1.2212e-02  4.6892e-02  ;...
   2.4689e-01  8.8053e-03  2.9399e-01  -1.9086e+00  7.7288e-01  1.2359e-02  4.6917e-02  ;...
   2.5000e-01  8.8148e-03  2.9399e-01  -1.9081e+00  7.7285e-01  1.2508e-02  4.6942e-02  ;...
   2.5315e-01  8.8245e-03  2.9399e-01  -1.9075e+00  7.7283e-01  1.2659e-02  4.6968e-02  ;...
   2.5633e-01  8.8345e-03  2.9399e-01  -1.9069e+00  7.7280e-01  1.2811e-02  4.6995e-02  ;...
   2.5956e-01  8.8448e-03  2.9398e-01  -1.9063e+00  7.7277e-01  1.2965e-02  4.7022e-02  ;...
   2.6283e-01  8.8553e-03  2.9398e-01  -1.9056e+00  7.7273e-01  1.3120e-02  4.7050e-02  ;...
   2.6614e-01  8.8661e-03  2.9398e-01  -1.9050e+00  7.7270e-01  1.3278e-02  4.7079e-02  ;...
   2.6949e-01  8.8772e-03  2.9398e-01  -1.9043e+00  7.7266e-01  1.3436e-02  4.7108e-02  ;...
   2.7288e-01  8.8886e-03  2.9397e-01  -1.9037e+00  7.7262e-01  1.3597e-02  4.7139e-02  ;...
   2.7632e-01  8.9003e-03  2.9397e-01  -1.9030e+00  7.7257e-01  1.3759e-02  4.7170e-02  ;...
   2.7979e-01  8.9122e-03  2.9397e-01  -1.9023e+00  7.7252e-01  1.3923e-02  4.7201e-02  ;...
   2.8332e-01  8.9246e-03  2.9397e-01  -1.9016e+00  7.7247e-01  1.4089e-02  4.7234e-02  ;...
   2.8688e-01  8.9372e-03  2.9396e-01  -1.9008e+00  7.7241e-01  1.4256e-02  4.7267e-02  ;...
   2.9049e-01  8.9502e-03  2.9396e-01  -1.9001e+00  7.7235e-01  1.4426e-02  4.7302e-02  ;...
   2.9415e-01  8.9635e-03  2.9396e-01  -1.8993e+00  7.7228e-01  1.4596e-02  4.7337e-02  ;...
   2.9785e-01  8.9771e-03  2.9395e-01  -1.8985e+00  7.7221e-01  1.4769e-02  4.7373e-02  ;...
   3.0160e-01  8.9912e-03  2.9395e-01  -1.8977e+00  7.7214e-01  1.4944e-02  4.7410e-02  ;...
   3.0540e-01  9.0056e-03  2.9395e-01  -1.8968e+00  7.7206e-01  1.5120e-02  4.7448e-02  ;...
   3.0924e-01  9.0203e-03  2.9394e-01  -1.8959e+00  7.7197e-01  1.5298e-02  4.7487e-02  ;...
   3.1314e-01  9.0355e-03  2.9394e-01  -1.8951e+00  7.7188e-01  1.5477e-02  4.7527e-02  ;...
   3.1708e-01  9.0511e-03  2.9394e-01  -1.8941e+00  7.7178e-01  1.5659e-02  4.7568e-02  ;...
   3.2107e-01  9.0671e-03  2.9393e-01  -1.8932e+00  7.7168e-01  1.5842e-02  4.7610e-02  ;...
   3.2511e-01  9.0835e-03  2.9393e-01  -1.8922e+00  7.7157e-01  1.6027e-02  4.7653e-02  ;...
   3.2920e-01  9.1004e-03  2.9392e-01  -1.8912e+00  7.7145e-01  1.6214e-02  4.7697e-02  ;...
   3.3335e-01  9.1177e-03  2.9392e-01  -1.8902e+00  7.7132e-01  1.6403e-02  4.7742e-02  ;...
   3.3754e-01  9.1355e-03  2.9392e-01  -1.8892e+00  7.7119e-01  1.6593e-02  4.7789e-02  ;...
   3.4179e-01  9.1537e-03  2.9391e-01  -1.8881e+00  7.7104e-01  1.6785e-02  4.7836e-02  ;...
   3.4609e-01  9.1725e-03  2.9391e-01  -1.8869e+00  7.7089e-01  1.6979e-02  4.7885e-02  ;...
   3.5045e-01  9.1917e-03  2.9390e-01  -1.8858e+00  7.7073e-01  1.7175e-02  4.7936e-02  ;...
   3.5486e-01  9.2115e-03  2.9390e-01  -1.8846e+00  7.7056e-01  1.7373e-02  4.7987e-02  ;...
   3.5933e-01  9.2318e-03  2.9389e-01  -1.8833e+00  7.7038e-01  1.7572e-02  4.8040e-02  ;...
   3.6385e-01  9.2527e-03  2.9389e-01  -1.8821e+00  7.7018e-01  1.7773e-02  4.8094e-02  ;...
   3.6843e-01  9.2741e-03  2.9388e-01  -1.8808e+00  7.6998e-01  1.7976e-02  4.8150e-02  ;...
   3.7307e-01  9.2961e-03  2.9388e-01  -1.8794e+00  7.6976e-01  1.8181e-02  4.8207e-02  ;...
   3.7776e-01  9.3187e-03  2.9387e-01  -1.8780e+00  7.6953e-01  1.8388e-02  4.8266e-02  ;...
   3.8252e-01  9.3419e-03  2.9387e-01  -1.8765e+00  7.6928e-01  1.8596e-02  4.8326e-02  ;...
   3.8733e-01  9.3657e-03  2.9386e-01  -1.8750e+00  7.6902e-01  1.8806e-02  4.8387e-02  ;...
   3.9221e-01  9.3902e-03  2.9386e-01  -1.8735e+00  7.6875e-01  1.9018e-02  4.8451e-02  ;...
   3.9714e-01  9.4154e-03  2.9385e-01  -1.8718e+00  7.6846e-01  1.9232e-02  4.8515e-02  ;...
   4.0214e-01  9.4413e-03  2.9385e-01  -1.8702e+00  7.6815e-01  1.9447e-02  4.8582e-02  ;...
   4.0720e-01  9.4678e-03  2.9384e-01  -1.8684e+00  7.6782e-01  1.9664e-02  4.8650e-02  ;...
   4.1233e-01  9.4951e-03  2.9383e-01  -1.8667e+00  7.6748e-01  1.9883e-02  4.8720e-02  ;...
   4.1751e-01  9.5232e-03  2.9383e-01  -1.8648e+00  7.6711e-01  2.0103e-02  4.8792e-02  ;...
   4.2277e-01  9.5520e-03  2.9382e-01  -1.8629e+00  7.6673e-01  2.0325e-02  4.8866e-02  ;...
   4.2809e-01  9.5816e-03  2.9381e-01  -1.8609e+00  7.6632e-01  2.0549e-02  4.8942e-02  ;...
   4.3348e-01  9.6120e-03  2.9381e-01  -1.8588e+00  7.6589e-01  2.0775e-02  4.9019e-02  ;...
   4.3893e-01  9.6433e-03  2.9380e-01  -1.8567e+00  7.6543e-01  2.1002e-02  4.9099e-02  ;...
   4.4446e-01  9.6755e-03  2.9379e-01  -1.8544e+00  7.6495e-01  2.1231e-02  4.9181e-02  ;...
   4.5005e-01  9.7085e-03  2.9378e-01  -1.8521e+00  7.6445e-01  2.1461e-02  4.9265e-02  ;...
   4.5571e-01  9.7425e-03  2.9378e-01  -1.8497e+00  7.6391e-01  2.1693e-02  4.9351e-02  ;...
   4.6145e-01  9.7774e-03  2.9377e-01  -1.8473e+00  7.6334e-01  2.1926e-02  4.9439e-02  ;...
   4.6726e-01  9.8133e-03  2.9376e-01  -1.8447e+00  7.6275e-01  2.2161e-02  4.9530e-02  ;...
   4.7314e-01  9.8502e-03  2.9375e-01  -1.8420e+00  7.6212e-01  2.2398e-02  4.9623e-02  ;...
   4.7909e-01  9.8881e-03  2.9374e-01  -1.8392e+00  7.6145e-01  2.2635e-02  4.9718e-02  ;...
   4.8512e-01  9.9271e-03  2.9373e-01  -1.8363e+00  7.6075e-01  2.2875e-02  4.9816e-02  ;...
   4.9122e-01  9.9673e-03  2.9372e-01  -1.8333e+00  7.6001e-01  2.3115e-02  4.9917e-02  ;...
   4.9741e-01  1.0008e-02  2.9371e-01  -1.8302e+00  7.5923e-01  2.3357e-02  5.0020e-02  ;...
   5.0367e-01  1.0051e-02  2.9370e-01  -1.8270e+00  7.5841e-01  2.3600e-02  5.0126e-02  ;...
   5.1000e-01  1.0095e-02  2.9369e-01  -1.8236e+00  7.5755e-01  2.3845e-02  5.0235e-02  ;...
   5.1642e-01  1.0139e-02  2.9368e-01  -1.8201e+00  7.5664e-01  2.4091e-02  5.0346e-02  ;...
   5.2292e-01  1.0186e-02  2.9367e-01  -1.8165e+00  7.5568e-01  2.4338e-02  5.0461e-02  ;...
   5.2950e-01  1.0233e-02  2.9366e-01  -1.8127e+00  7.5466e-01  2.4586e-02  5.0578e-02  ;...
   5.3616e-01  1.0282e-02  2.9365e-01  -1.8088e+00  7.5360e-01  2.4835e-02  5.0699e-02  ;...
   5.4291e-01  1.0332e-02  2.9364e-01  -1.8047e+00  7.5248e-01  2.5085e-02  5.0822e-02  ;...
   5.4974e-01  1.0384e-02  2.9363e-01  -1.8005e+00  7.5130e-01  2.5336e-02  5.0949e-02  ;...
   5.5666e-01  1.0437e-02  2.9362e-01  -1.7960e+00  7.5005e-01  2.5588e-02  5.1079e-02  ;...
   5.6367e-01  1.0492e-02  2.9360e-01  -1.7915e+00  7.4875e-01  2.5840e-02  5.1213e-02  ;...
   5.7076e-01  1.0548e-02  2.9359e-01  -1.7867e+00  7.4737e-01  2.6094e-02  5.1350e-02  ;...
   5.7794e-01  1.0606e-02  2.9358e-01  -1.7818e+00  7.4593e-01  2.6348e-02  5.1491e-02  ;...
   5.8521e-01  1.0665e-02  2.9356e-01  -1.7766e+00  7.4440e-01  2.6603e-02  5.1636e-02  ;...
   5.9258e-01  1.0727e-02  2.9355e-01  -1.7713e+00  7.4280e-01  2.6858e-02  5.1784e-02  ;...
   6.0003e-01  1.0790e-02  2.9353e-01  -1.7657e+00  7.4112e-01  2.7114e-02  5.1936e-02  ;...
   6.0758e-01  1.0855e-02  2.9352e-01  -1.7599e+00  7.3935e-01  2.7371e-02  5.2093e-02  ;...
   6.1523e-01  1.0922e-02  2.9350e-01  -1.7539e+00  7.3749e-01  2.7628e-02  5.2253e-02  ;...
   6.2297e-01  1.0991e-02  2.9349e-01  -1.7477e+00  7.3554e-01  2.7885e-02  5.2418e-02  ;...
   6.3081e-01  1.1062e-02  2.9347e-01  -1.7412e+00  7.3349e-01  2.8142e-02  5.2587e-02  ;...
   6.3875e-01  1.1135e-02  2.9346e-01  -1.7345e+00  7.3134e-01  2.8399e-02  5.2760e-02  ;...
   6.4678e-01  1.1210e-02  2.9344e-01  -1.7275e+00  7.2907e-01  2.8656e-02  5.2938e-02  ;...
   6.5492e-01  1.1288e-02  2.9342e-01  -1.7202e+00  7.2670e-01  2.8914e-02  5.3121e-02  ;...
   6.6316e-01  1.1367e-02  2.9340e-01  -1.7127e+00  7.2420e-01  2.9171e-02  5.3308e-02  ;...
   6.7151e-01  1.1450e-02  2.9338e-01  -1.7049e+00  7.2158e-01  2.9427e-02  5.3500e-02  ;...
   6.7996e-01  1.1534e-02  2.9336e-01  -1.6968e+00  7.1883e-01  2.9684e-02  5.3698e-02  ;...
   6.8851e-01  1.1622e-02  2.9334e-01  -1.6883e+00  7.1595e-01  2.9940e-02  5.3900e-02  ;...
   6.9718e-01  1.1711e-02  2.9332e-01  -1.6796e+00  7.1293e-01  3.0195e-02  5.4108e-02  ;...
   7.0595e-01  1.1804e-02  2.9330e-01  -1.6705e+00  7.0975e-01  3.0450e-02  5.4322e-02  ;...
   7.1483e-01  1.1899e-02  2.9328e-01  -1.6611e+00  7.0643e-01  3.0704e-02  5.4541e-02  ;...
   7.2382e-01  1.1998e-02  2.9326e-01  -1.6513e+00  7.0294e-01  3.0957e-02  5.4765e-02  ;...
   7.3293e-01  1.2099e-02  2.9323e-01  -1.6412e+00  6.9929e-01  3.1209e-02  5.4996e-02  ;...
   7.4215e-01  1.2203e-02  2.9321e-01  -1.6307e+00  6.9546e-01  3.1460e-02  5.5233e-02  ;...
   7.5149e-01  1.2311e-02  2.9318e-01  -1.6198e+00  6.9145e-01  3.1710e-02  5.5476e-02  ;...
   7.6095e-01  1.2422e-02  2.9316e-01  -1.6086e+00  6.8724e-01  3.1958e-02  5.5725e-02  ;...
   7.7052e-01  1.2536e-02  2.9313e-01  -1.5969e+00  6.8284e-01  3.2205e-02  5.5980e-02  ;...
   7.8022e-01  1.2654e-02  2.9311e-01  -1.5848e+00  6.7824e-01  3.2450e-02  5.6243e-02  ;...
   7.9003e-01  1.2775e-02  2.9308e-01  -1.5723e+00  6.7341e-01  3.2694e-02  5.6512e-02  ;...
   7.9997e-01  1.2900e-02  2.9305e-01  -1.5594e+00  6.6837e-01  3.2936e-02  5.6788e-02  ;...
   8.1004e-01  1.3029e-02  2.9302e-01  -1.5460e+00  6.6309e-01  3.3176e-02  5.7071e-02  ;...
   8.2023e-01  1.3162e-02  2.9299e-01  -1.5322e+00  6.5757e-01  3.3414e-02  5.7362e-02  ;...
   8.3055e-01  1.3299e-02  2.9296e-01  -1.5179e+00  6.5180e-01  3.3650e-02  5.7660e-02  ;...
   8.4100e-01  1.3440e-02  2.9292e-01  -1.5031e+00  6.4576e-01  3.3884e-02  5.7965e-02  ;...
   8.5158e-01  1.3586e-02  2.9289e-01  -1.4879e+00  6.3946e-01  3.4115e-02  5.8279e-02  ;...
   8.6230e-01  1.3736e-02  2.9286e-01  -1.4721e+00  6.3287e-01  3.4344e-02  5.8600e-02  ;...
   8.7315e-01  1.3891e-02  2.9282e-01  -1.4559e+00  6.2600e-01  3.4571e-02  5.8930e-02  ;...
   8.8413e-01  1.4051e-02  2.9278e-01  -1.4391e+00  6.1882e-01  3.4795e-02  5.9268e-02  ;...
   8.9525e-01  1.4216e-02  2.9274e-01  -1.4219e+00  6.1132e-01  3.5016e-02  5.9614e-02  ;...
   9.0652e-01  1.4386e-02  2.9270e-01  -1.4041e+00  6.0351e-01  3.5234e-02  5.9969e-02  ;...
   9.1792e-01  1.4561e-02  2.9266e-01  -1.3857e+00  5.9536e-01  3.5449e-02  6.0333e-02  ;...
   9.2947e-01  1.4741e-02  2.9262e-01  -1.3669e+00  5.8686e-01  3.5661e-02  6.0706e-02  ;...
   9.4117e-01  1.4928e-02  2.9258e-01  -1.3475e+00  5.7800e-01  3.5870e-02  6.1088e-02  ;...
   9.5301e-01  1.5120e-02  2.9253e-01  -1.3276e+00  5.6878e-01  3.6076e-02  6.1480e-02  ;...
   9.6500e-01  1.5317e-02  2.9248e-01  -1.3071e+00  5.5917e-01  3.6279e-02  6.1881e-02  ;...
   9.7714e-01  1.5521e-02  2.9243e-01  -1.2861e+00  5.4917e-01  3.6478e-02  6.2291e-02  ;...
   9.8943e-01  1.5732e-02  2.9238e-01  -1.2645e+00  5.3878e-01  3.6674e-02  6.2712e-02  ;...
   1.0019e+00  1.5948e-02  2.9233e-01  -1.2424e+00  5.2796e-01  3.6867e-02  6.3142e-02  ;...
   1.0145e+00  1.6172e-02  2.9228e-01  -1.2197e+00  5.1672e-01  3.7057e-02  6.3583e-02  ;...
   1.0273e+00  1.6402e-02  2.9222e-01  -1.1965e+00  5.0505e-01  3.7243e-02  6.4034e-02  ;...
   1.0402e+00  1.6639e-02  2.9216e-01  -1.1728e+00  4.9292e-01  3.7425e-02  6.4495e-02  ;...
   1.0533e+00  1.6884e-02  2.9210e-01  -1.1485e+00  4.8035e-01  3.7604e-02  6.4967e-02  ;...
   1.0665e+00  1.7135e-02  2.9204e-01  -1.1237e+00  4.6730e-01  3.7780e-02  6.5449e-02  ;...
   1.0799e+00  1.7394e-02  2.9198e-01  -1.0984e+00  4.5378e-01  3.7953e-02  6.5942e-02  ;...
   1.0935e+00  1.7661e-02  2.9191e-01  -1.0726e+00  4.3977e-01  3.8122e-02  6.6446e-02  ;...
   1.1073e+00  1.7936e-02  2.9184e-01  -1.0464e+00  4.2527e-01  3.8288e-02  6.6961e-02  ;...
   1.1212e+00  1.8219e-02  2.9177e-01  -1.0196e+00  4.1027e-01  3.8451e-02  6.7487e-02  ;...
   1.1353e+00  1.8509e-02  2.9169e-01  -9.9247e-01  3.9477e-01  3.8610e-02  6.8023e-02  ;...
   1.1496e+00  1.8809e-02  2.9162e-01  -9.6488e-01  3.7875e-01  3.8767e-02  6.8571e-02  ;...
   1.1641e+00  1.9116e-02  2.9154e-01  -9.3689e-01  3.6222e-01  3.8921e-02  6.9129e-02  ;...
   1.1787e+00  1.9432e-02  2.9145e-01  -9.0853e-01  3.4517e-01  3.9073e-02  6.9698e-02  ;...
   1.1935e+00  1.9757e-02  2.9137e-01  -8.7984e-01  3.2760e-01  3.9222e-02  7.0278e-02  ;...
   1.2085e+00  2.0091e-02  2.9128e-01  -8.5084e-01  3.0952e-01  3.9369e-02  7.0869e-02  ;...
   1.2238e+00  2.0433e-02  2.9118e-01  -8.2157e-01  2.9091e-01  3.9514e-02  7.1470e-02  ;...
   1.2391e+00  2.0784e-02  2.9109e-01  -7.9208e-01  2.7179e-01  3.9657e-02  7.2082e-02  ;...
   1.2547e+00  2.1144e-02  2.9099e-01  -7.6240e-01  2.5216e-01  3.9798e-02  7.2704e-02  ;...
   1.2705e+00  2.1513e-02  2.9088e-01  -7.3258e-01  2.3203e-01  3.9939e-02  7.3336e-02  ;...
   1.2865e+00  2.1891e-02  2.9077e-01  -7.0267e-01  2.1142e-01  4.0078e-02  7.3977e-02  ;...
   1.3027e+00  2.2278e-02  2.9066e-01  -6.7273e-01  1.9032e-01  4.0217e-02  7.4628e-02  ;...
   1.3191e+00  2.2674e-02  2.9054e-01  -6.4281e-01  1.6877e-01  4.0356e-02  7.5287e-02  ;...
   1.3357e+00  2.3078e-02  2.9042e-01  -6.1298e-01  1.4677e-01  4.0494e-02  7.5955e-02  ;...
   1.3525e+00  2.3490e-02  2.9030e-01  -5.8329e-01  1.2436e-01  4.0634e-02  7.6631e-02  ;...
   1.3695e+00  2.3911e-02  2.9016e-01  -5.5382e-01  1.0155e-01  4.0774e-02  7.7315e-02  ;...
   1.3867e+00  2.4340e-02  2.9003e-01  -5.2464e-01  7.8370e-02  4.0916e-02  7.8005e-02  ;...
   1.4042e+00  2.4777e-02  2.8988e-01  -4.9583e-01  5.4859e-02  4.1059e-02  7.8702e-02  ;...
   1.4218e+00  2.5221e-02  2.8974e-01  -4.6747e-01  3.1051e-02  4.1205e-02  7.9403e-02  ;...
   1.4397e+00  2.5671e-02  2.8958e-01  -4.3964e-01  6.9847e-03  4.1354e-02  8.0110e-02  ;...
   1.4578e+00  2.6128e-02  2.8942e-01  -4.1243e-01  -1.7295e-02  4.1506e-02  8.0819e-02  ;...
   1.4762e+00  2.6591e-02  2.8925e-01  -3.8593e-01  -4.1741e-02  4.1662e-02  8.1532e-02  ;...
   1.4947e+00  2.7059e-02  2.8908e-01  -3.6024e-01  -6.6300e-02  4.1822e-02  8.2246e-02  ;...
   1.5135e+00  2.7531e-02  2.8890e-01  -3.3546e-01  -9.0916e-02  4.1987e-02  8.2961e-02  ;...
   1.5326e+00  2.8007e-02  2.8871e-01  -3.1170e-01  -1.1553e-01  4.2158e-02  8.3675e-02  ;...
   1.5519e+00  2.8486e-02  2.8851e-01  -2.8905e-01  -1.4007e-01  4.2335e-02  8.4387e-02  ;...
   1.5714e+00  2.8967e-02  2.8830e-01  -2.6762e-01  -1.6448e-01  4.2518e-02  8.5096e-02  ;...
   1.5912e+00  2.9448e-02  2.8809e-01  -2.4754e-01  -1.8868e-01  4.2708e-02  8.5800e-02  ;...
   1.6112e+00  2.9929e-02  2.8787e-01  -2.2889e-01  -2.1259e-01  4.2906e-02  8.6498e-02  ;...
   1.6314e+00  3.0408e-02  2.8763e-01  -2.1181e-01  -2.3613e-01  4.3112e-02  8.7188e-02  ;...
   1.6520e+00  3.0885e-02  2.8739e-01  -1.9639e-01  -2.5923e-01  4.3327e-02  8.7869e-02  ;...
   1.6728e+00  3.1357e-02  2.8714e-01  -1.8275e-01  -2.8180e-01  4.3550e-02  8.8538e-02  ;...
   1.6938e+00  3.1824e-02  2.8688e-01  -1.7099e-01  -3.0374e-01  4.3783e-02  8.9195e-02  ;...
   1.7151e+00  3.2284e-02  2.8661e-01  -1.6122e-01  -3.2497e-01  4.4026e-02  8.9837e-02  ;...
   1.7367e+00  3.2735e-02  2.8632e-01  -1.5352e-01  -3.4541e-01  4.4279e-02  9.0462e-02  ;...
   1.7585e+00  3.3175e-02  2.8602e-01  -1.4800e-01  -3.6496e-01  4.4542e-02  9.1068e-02  ;...
   1.7806e+00  3.3604e-02  2.8572e-01  -1.4472e-01  -3.8353e-01  4.4816e-02  9.1655e-02  ;...
   1.8031e+00  3.4018e-02  2.8539e-01  -1.4374e-01  -4.0104e-01  4.5100e-02  9.2219e-02  ;...
   1.8257e+00  3.4418e-02  2.8506e-01  -1.4511e-01  -4.1741e-01  4.5395e-02  9.2758e-02  ;...
   1.8487e+00  3.4800e-02  2.8471e-01  -1.4886e-01  -4.3255e-01  4.5700e-02  9.3272e-02  ;...
   1.8720e+00  3.5163e-02  2.8435e-01  -1.5499e-01  -4.4640e-01  4.6015e-02  9.3757e-02  ;...
   1.8955e+00  3.5505e-02  2.8397e-01  -1.6348e-01  -4.5889e-01  4.6340e-02  9.4213e-02  ;...
   1.9194e+00  3.5826e-02  2.8358e-01  -1.7426e-01  -4.6996e-01  4.6674e-02  9.4637e-02  ;...
   1.9435e+00  3.6122e-02  2.8317e-01  -1.8725e-01  -4.7956e-01  4.7017e-02  9.5028e-02  ;...
   1.9679e+00  3.6393e-02  2.8275e-01  -2.0233e-01  -4.8767e-01  4.7368e-02  9.5384e-02  ;...
   1.9927e+00  3.6638e-02  2.8231e-01  -2.1931e-01  -4.9424e-01  4.7725e-02  9.5703e-02  ;...
   2.0178e+00  3.6854e-02  2.8185e-01  -2.3798e-01  -4.9929e-01  4.8088e-02  9.5985e-02  ;...
   2.0432e+00  3.7041e-02  2.8137e-01  -2.5807e-01  -5.0280e-01  4.8456e-02  9.6228e-02  ;...
   2.0689e+00  3.7198e-02  2.8088e-01  -2.7927e-01  -5.0482e-01  4.8826e-02  9.6432e-02  ;...
   2.0949e+00  3.7323e-02  2.8037e-01  -3.0121e-01  -5.0537e-01  4.9198e-02  9.6594e-02  ;...
   2.1212e+00  3.7417e-02  2.7984e-01  -3.2346e-01  -5.0452e-01  4.9570e-02  9.6715e-02  ;...
   2.1479e+00  3.7478e-02  2.7929e-01  -3.4558e-01  -5.0235e-01  4.9939e-02  9.6795e-02  ;...
   2.1749e+00  3.7507e-02  2.7872e-01  -3.6705e-01  -4.9895e-01  5.0305e-02  9.6832e-02  ;...
   2.2023e+00  3.7503e-02  2.7812e-01  -3.8734e-01  -4.9445e-01  5.0664e-02  9.6826e-02  ;...
   2.2300e+00  3.7466e-02  2.7751e-01  -4.0592e-01  -4.8898e-01  5.1015e-02  9.6778e-02  ;...
   2.2581e+00  3.7396e-02  2.7688e-01  -4.2224e-01  -4.8269e-01  5.1357e-02  9.6689e-02  ;...
   2.2865e+00  3.7294e-02  2.7622e-01  -4.3579e-01  -4.7574e-01  5.1686e-02  9.6557e-02  ;...
   2.3152e+00  3.7161e-02  2.7555e-01  -4.4613e-01  -4.6830e-01  5.2002e-02  9.6384e-02  ;...
   2.3444e+00  3.6996e-02  2.7485e-01  -4.5292e-01  -4.6056e-01  5.2303e-02  9.6170e-02  ;...
   2.3738e+00  3.6801e-02  2.7412e-01  -4.5598e-01  -4.5267e-01  5.2588e-02  9.5917e-02  ;...
   2.4037e+00  3.6577e-02  2.7338e-01  -4.5534e-01  -4.4481e-01  5.2856e-02  9.5624e-02  ;...
   2.4339e+00  3.6324e-02  2.7261e-01  -4.5132e-01  -4.3709e-01  5.3106e-02  9.5293e-02  ;...
   2.4646e+00  3.6043e-02  2.7182e-01  -4.4463e-01  -4.2961e-01  5.3338e-02  9.4924e-02  ;...
   2.4956e+00  3.5736e-02  2.7100e-01  -4.3647e-01  -4.2240e-01  5.3552e-02  9.4519e-02  ;...
   2.5270e+00  3.5403e-02  2.7016e-01  -4.2828e-01  -4.1543e-01  5.3748e-02  9.4078e-02  ;...
   2.5587e+00  3.5046e-02  2.6929e-01  -4.2036e-01  -4.0868e-01  5.3926e-02  9.3601e-02  ;...
   2.5909e+00  3.4665e-02  2.6840e-01  -4.1272e-01  -4.0215e-01  5.4087e-02  9.3091e-02  ;...
   2.6235e+00  3.4261e-02  2.6748e-01  -4.0535e-01  -3.9581e-01  5.4230e-02  9.2548e-02  ;...
   2.6565e+00  3.3836e-02  2.6654e-01  -3.9823e-01  -3.8966e-01  5.4356e-02  9.1972e-02  ;...
   2.6899e+00  3.3391e-02  2.6557e-01  -3.9137e-01  -3.8369e-01  5.4465e-02  9.1364e-02  ;...
   2.7238e+00  3.2926e-02  2.6458e-01  -3.8474e-01  -3.7789e-01  5.4557e-02  9.0726e-02  ;...
   2.7580e+00  3.2442e-02  2.6356e-01  -3.7834e-01  -3.7226e-01  5.4632e-02  9.0058e-02  ;...
   2.7927e+00  3.1942e-02  2.6252e-01  -3.7216e-01  -3.6678e-01  5.4690e-02  8.9360e-02  ;...
   2.8279e+00  3.1425e-02  2.6145e-01  -3.6619e-01  -3.6144e-01  5.4732e-02  8.8635e-02  ;...
   2.8634e+00  3.0893e-02  2.6035e-01  -3.6042e-01  -3.5624e-01  5.4757e-02  8.7882e-02  ;...
   2.8995e+00  3.0348e-02  2.5923e-01  -3.5483e-01  -3.5117e-01  5.4766e-02  8.7102e-02  ;...
   2.9359e+00  2.9789e-02  2.5809e-01  -3.4942e-01  -3.4623e-01  5.4759e-02  8.6297e-02  ;...
   2.9729e+00  2.9219e-02  2.5691e-01  -3.4417e-01  -3.4140e-01  5.4736e-02  8.5467e-02  ;...
   3.0103e+00  2.8638e-02  2.5572e-01  -3.3909e-01  -3.3668e-01  5.4696e-02  8.4613e-02  ;...
   3.0481e+00  2.8047e-02  2.5449e-01  -3.3414e-01  -3.3207e-01  5.4641e-02  8.3735e-02  ;...
   3.0865e+00  2.7448e-02  2.5324e-01  -3.2934e-01  -3.2756e-01  5.4570e-02  8.2836e-02  ;...
   3.1253e+00  2.6841e-02  2.5197e-01  -3.2467e-01  -3.2314e-01  5.4483e-02  8.1915e-02  ;...
   3.1646e+00  2.6227e-02  2.5067e-01  -3.2012e-01  -3.1881e-01  5.4380e-02  8.0974e-02  ;...
   3.2044e+00  2.5608e-02  2.4935e-01  -3.1568e-01  -3.1457e-01  5.4262e-02  8.0012e-02  ;...
   3.2447e+00  2.4985e-02  2.4800e-01  -3.1135e-01  -3.1041e-01  5.4129e-02  7.9033e-02  ;...
   3.2856e+00  2.4358e-02  2.4663e-01  -3.0713e-01  -3.0633e-01  5.3980e-02  7.8035e-02  ;...
   3.3269e+00  2.3728e-02  2.4523e-01  -3.0299e-01  -3.0232e-01  5.3816e-02  7.7020e-02  ;...
   3.3687e+00  2.3097e-02  2.4382e-01  -2.9895e-01  -2.9839e-01  5.3637e-02  7.5988e-02  ;...
   3.4111e+00  2.2465e-02  2.4237e-01  -2.9499e-01  -2.9452e-01  5.3443e-02  7.4942e-02  ;...
   3.4540e+00  2.1834e-02  2.4091e-01  -2.9110e-01  -2.9072e-01  5.3233e-02  7.3881e-02  ;...
   3.4975e+00  2.1203e-02  2.3942e-01  -2.8730e-01  -2.8698e-01  5.3009e-02  7.2806e-02  ;...
   3.5415e+00  2.0575e-02  2.3791e-01  -2.8356e-01  -2.8330e-01  5.2771e-02  7.1719e-02  ;...
   3.5860e+00  1.9949e-02  2.3638e-01  -2.7989e-01  -2.7968e-01  5.2518e-02  7.0620e-02  ;...
   3.6311e+00  1.9327e-02  2.3483e-01  -2.7629e-01  -2.7612e-01  5.2250e-02  6.9510e-02  ;...
   3.6768e+00  1.8709e-02  2.3326e-01  -2.7274e-01  -2.7261e-01  5.1968e-02  6.8390e-02  ;...
   3.7231e+00  1.8096e-02  2.3167e-01  -2.6926e-01  -2.6915e-01  5.1672e-02  6.7261e-02  ;...
   3.7699e+00  1.7489e-02  2.3006e-01  -2.6583e-01  -2.6575e-01  5.1362e-02  6.6123e-02  ;...
   3.8173e+00  1.6888e-02  2.2843e-01  -2.6245e-01  -2.6239e-01  5.1038e-02  6.4978e-02  ;...
   3.8653e+00  1.6295e-02  2.2678e-01  -2.5913e-01  -2.5908e-01  5.0700e-02  6.3827e-02  ;...
   3.9140e+00  1.5710e-02  2.2512e-01  -2.5585e-01  -2.5582e-01  5.0349e-02  6.2669e-02  ;...
   3.9632e+00  1.5132e-02  2.2344e-01  -2.5263e-01  -2.5260e-01  4.9984e-02  6.1507e-02  ;...
   4.0130e+00  1.4564e-02  2.2174e-01  -2.4945e-01  -2.4943e-01  4.9607e-02  6.0341e-02  ;...
   4.0635e+00  1.4005e-02  2.2003e-01  -2.4632e-01  -2.4631e-01  4.9216e-02  5.9172e-02  ;...
   4.1146e+00  1.3456e-02  2.1830e-01  -2.4323e-01  -2.4322e-01  4.8813e-02  5.8001e-02  ;...
   4.1664e+00  1.2917e-02  2.1656e-01  -2.4018e-01  -2.4018e-01  4.8397e-02  5.6828e-02  ;...
   4.2188e+00  1.2389e-02  2.1481e-01  -2.3717e-01  -2.3717e-01  4.7970e-02  5.5654e-02  ;...
   4.2719e+00  1.1872e-02  2.1304e-01  -2.3418e-01  -2.3421e-01  4.7530e-02  5.4481e-02  ;...
   4.3256e+00  1.1367e-02  2.1126e-01  -2.3124e-01  -2.3126e-01  4.7078e-02  5.3309e-02  ;...
   4.3800e+00  1.0873e-02  2.0948e-01  -2.2835e-01  -2.2836e-01  4.6615e-02  5.2139e-02  ;...
   4.4351e+00  1.0392e-02  2.0768e-01  -2.2550e-01  -2.2551e-01  4.6141e-02  5.0971e-02  ;...
   4.4909e+00  9.9224e-03  2.0587e-01  -2.2269e-01  -2.2269e-01  4.5656e-02  4.9807e-02  ;...
   4.5474e+00  9.4656e-03  2.0405e-01  -2.1992e-01  -2.1992e-01  4.5160e-02  4.8647e-02  ;...
   4.6046e+00  9.0213e-03  2.0223e-01  -2.1718e-01  -2.1718e-01  4.4654e-02  4.7491e-02  ;...
   4.6625e+00  8.5899e-03  2.0039e-01  -2.1448e-01  -2.1448e-01  4.4137e-02  4.6342e-02  ;...
   4.7212e+00  8.1714e-03  1.9856e-01  -2.1181e-01  -2.1182e-01  4.3612e-02  4.5199e-02  ;...
   4.7806e+00  7.7658e-03  1.9671e-01  -2.0918e-01  -2.0918e-01  4.3076e-02  4.4063e-02  ;...
   4.8407e+00  7.3732e-03  1.9486e-01  -2.0658e-01  -2.0658e-01  4.2532e-02  4.2935e-02  ;...
   4.9016e+00  6.9937e-03  1.9301e-01  -2.0402e-01  -2.0402e-01  4.1979e-02  4.1815e-02  ;...
   4.9632e+00  6.6272e-03  1.9116e-01  -2.0148e-01  -2.0148e-01  4.1418e-02  4.0705e-02  ;...
   5.0257e+00  6.2736e-03  1.8930e-01  -1.9898e-01  -1.9898e-01  4.0849e-02  3.9604e-02  ;...
   5.0889e+00  5.9329e-03  1.8744e-01  -1.9651e-01  -1.9651e-01  4.0272e-02  3.8514e-02  ;...
   5.1529e+00  5.6051e-03  1.8558e-01  -1.9407e-01  -1.9407e-01  3.9688e-02  3.7434e-02  ;...
   5.2177e+00  5.2899e-03  1.8372e-01  -1.9165e-01  -1.9165e-01  3.9097e-02  3.6367e-02  ;...
   5.2834e+00  4.9874e-03  1.8186e-01  -1.8927e-01  -1.8927e-01  3.8500e-02  3.5311e-02  ;...
   5.3498e+00  4.6972e-03  1.8000e-01  -1.8692e-01  -1.8692e-01  3.7896e-02  3.4269e-02  ;...
   5.4171e+00  4.4192e-03  1.7815e-01  -1.8460e-01  -1.8460e-01  3.7287e-02  3.3239e-02  ;...
   5.4853e+00  4.1532e-03  1.7630e-01  -1.8231e-01  -1.8231e-01  3.6673e-02  3.2223e-02  ;...
   5.5543e+00  3.8991e-03  1.7445e-01  -1.8004e-01  -1.8004e-01  3.6054e-02  3.1222e-02  ;...
   5.6241e+00  3.6565e-03  1.7260e-01  -1.7781e-01  -1.7781e-01  3.5430e-02  3.0235e-02  ;...
   5.6949e+00  3.4253e-03  1.7076e-01  -1.7560e-01  -1.7560e-01  3.4803e-02  2.9263e-02  ;...
   5.7665e+00  3.2051e-03  1.6893e-01  -1.7342e-01  -1.7342e-01  3.4172e-02  2.8307e-02  ;...
   5.8390e+00  2.9957e-03  1.6710e-01  -1.7126e-01  -1.7126e-01  3.3538e-02  2.7367e-02  ;...
   5.9125e+00  2.7968e-03  1.6528e-01  -1.6913e-01  -1.6913e-01  3.2901e-02  2.6443e-02  ;...
   5.9869e+00  2.6081e-03  1.6347e-01  -1.6703e-01  -1.6703e-01  3.2262e-02  2.5535e-02  ;...
   6.0622e+00  2.4294e-03  1.6166e-01  -1.6496e-01  -1.6496e-01  3.1621e-02  2.4645e-02  ;...
   6.1384e+00  2.2602e-03  1.5986e-01  -1.6291e-01  -1.6291e-01  3.0979e-02  2.3771e-02  ;...
   6.2156e+00  2.1004e-03  1.5807e-01  -1.6088e-01  -1.6088e-01  3.0336e-02  2.2915e-02  ;...
   6.2938e+00  1.9495e-03  1.5630e-01  -1.5889e-01  -1.5889e-01  2.9692e-02  2.2077e-02  ;...
   6.3730e+00  1.8073e-03  1.5453e-01  -1.5691e-01  -1.5691e-01  2.9049e-02  2.1256e-02  ;...
   6.4532e+00  1.6734e-03  1.5277e-01  -1.5496e-01  -1.5496e-01  2.8406e-02  2.0454e-02  ;...
   6.5343e+00  1.5476e-03  1.5102e-01  -1.5304e-01  -1.5304e-01  2.7763e-02  1.9670e-02  ;...
   6.6165e+00  1.4294e-03  1.4929e-01  -1.5114e-01  -1.5114e-01  2.7122e-02  1.8904e-02  ;...
   6.6998e+00  1.3186e-03  1.4757e-01  -1.4926e-01  -1.4926e-01  2.6483e-02  1.8156e-02  ;...
   6.7840e+00  1.2149e-03  1.4585e-01  -1.4740e-01  -1.4740e-01  2.5846e-02  1.7427e-02  ;...
   6.8694e+00  1.1178e-03  1.4416e-01  -1.4557e-01  -1.4557e-01  2.5211e-02  1.6717e-02  ;...
   6.9558e+00  1.0272e-03  1.4247e-01  -1.4377e-01  -1.4377e-01  2.4579e-02  1.6025e-02  ;...
   7.0433e+00  9.4274e-04  1.4080e-01  -1.4198e-01  -1.4198e-01  2.3951e-02  1.5352e-02  ;...
   7.1319e+00  8.6406e-04  1.3914e-01  -1.4022e-01  -1.4022e-01  2.3326e-02  1.4697e-02  ;...
   7.2216e+00  7.9089e-04  1.3749e-01  -1.3847e-01  -1.3847e-01  2.2706e-02  1.4061e-02  ;...
   7.3124e+00  7.2295e-04  1.3586e-01  -1.3675e-01  -1.3675e-01  2.2090e-02  1.3444e-02  ;...
   7.4044e+00  6.5995e-04  1.3425e-01  -1.3505e-01  -1.3505e-01  2.1480e-02  1.2845e-02  ;...
   7.4975e+00  6.0161e-04  1.3264e-01  -1.3338e-01  -1.3338e-01  2.0874e-02  1.2264e-02  ;...
   7.5918e+00  5.4767e-04  1.3106e-01  -1.3172e-01  -1.3172e-01  2.0275e-02  1.1701e-02  ;...
   7.6873e+00  4.9787e-04  1.2948e-01  -1.3008e-01  -1.3008e-01  1.9681e-02  1.1156e-02  ;...
   7.7840e+00  4.5196e-04  1.2793e-01  -1.2847e-01  -1.2847e-01  1.9095e-02  1.0630e-02  ;...
   7.8820e+00  4.0970e-04  1.2638e-01  -1.2687e-01  -1.2687e-01  1.8514e-02  1.0120e-02  ;...
   7.9811e+00  3.7085e-04  1.2485e-01  -1.2530e-01  -1.2530e-01  1.7941e-02  9.6286e-03  ;...
   8.0815e+00  3.3521e-04  1.2334e-01  -1.2374e-01  -1.2374e-01  1.7376e-02  9.1542e-03  ;...
   8.1832e+00  3.0254e-04  1.2185e-01  -1.2220e-01  -1.2220e-01  1.6818e-02  8.6967e-03  ;...
   8.2861e+00  2.7266e-04  1.2036e-01  -1.2068e-01  -1.2068e-01  1.6268e-02  8.2560e-03  ;...
   8.3903e+00  2.4536e-04  1.1890e-01  -1.1919e-01  -1.1919e-01  1.5727e-02  7.8318e-03  ;...
   8.4959e+00  2.2046e-04  1.1745e-01  -1.1770e-01  -1.1770e-01  1.5194e-02  7.4238e-03  ;...
   8.6027e+00  1.9779e-04  1.1601e-01  -1.1624e-01  -1.1624e-01  1.4670e-02  7.0317e-03  ;...
   8.7109e+00  1.7718e-04  1.1459e-01  -1.1480e-01  -1.1480e-01  1.4155e-02  6.6552e-03  ;...
   8.8205e+00  1.5846e-04  1.1319e-01  -1.1337e-01  -1.1337e-01  1.3650e-02  6.2940e-03  ;...
   8.9315e+00  1.4151e-04  1.1180e-01  -1.1196e-01  -1.1196e-01  1.3154e-02  5.9477e-03  ;...
   9.0438e+00  1.2617e-04  1.1043e-01  -1.1057e-01  -1.1057e-01  1.2667e-02  5.6161e-03  ;...
   9.1576e+00  1.1231e-04  1.0907e-01  -1.0920e-01  -1.0920e-01  1.2191e-02  5.2987e-03  ;...
   9.2728e+00  9.9817e-05  1.0773e-01  -1.0784e-01  -1.0784e-01  1.1725e-02  4.9953e-03  ;...
   9.3894e+00  8.8569e-05  1.0640e-01  -1.0650e-01  -1.0650e-01  1.1268e-02  4.7054e-03  ;...
   9.5075e+00  7.8460e-05  1.0509e-01  -1.0518e-01  -1.0518e-01  1.0823e-02  4.4287e-03  ;...
   9.6271e+00  6.9390e-05  1.0380e-01  -1.0387e-01  -1.0387e-01  1.0387e-02  4.1649e-03  ;...
   9.7482e+00  6.1267e-05  1.0251e-01  -1.0258e-01  -1.0258e-01  9.9624e-03  3.9135e-03  ;...
   9.8708e+00  5.4004e-05  1.0125e-01  -1.0131e-01  -1.0131e-01  9.5482e-03  3.6742e-03  ;...
   9.9950e+00  4.7521e-05  9.9997e-02  -1.0005e-01  -1.0005e-01  9.1447e-03  3.4466e-03  ;...
   1.0121e+01  4.1746e-05  9.8761e-02  -9.8807e-02  -9.8807e-02  8.7520e-03  3.2304e-03  ;...
   1.0248e+01  3.6609e-05  9.7539e-02  -9.7580e-02  -9.7580e-02  8.3700e-03  3.0251e-03  ;...
   1.0377e+01  3.2049e-05  9.6332e-02  -9.6368e-02  -9.6368e-02  7.9988e-03  2.8305e-03  ;...
   1.0507e+01  2.8008e-05  9.5140e-02  -9.5171e-02  -9.5171e-02  7.6384e-03  2.6460e-03  ;...
   1.0640e+01  2.4433e-05  9.3961e-02  -9.3988e-02  -9.3988e-02  7.2887e-03  2.4713e-03  ;...
   1.0773e+01  2.1276e-05  9.2797e-02  -9.2821e-02  -9.2821e-02  6.9498e-03  2.3062e-03  ;...
   1.0909e+01  1.8494e-05  9.1647e-02  -9.1668e-02  -9.1668e-02  6.6216e-03  2.1501e-03  ;...
   1.1046e+01  1.6047e-05  9.0511e-02  -9.0529e-02  -9.0529e-02  6.3040e-03  2.0028e-03  ;...
   1.1185e+01  1.3898e-05  8.9389e-02  -8.9404e-02  -8.9404e-02  5.9969e-03  1.8639e-03  ;...
   1.1326e+01  1.2014e-05  8.8281e-02  -8.8294e-02  -8.8294e-02  5.7003e-03  1.7330e-03  ;...
   1.1468e+01  1.0367e-05  8.7186e-02  -8.7197e-02  -8.7197e-02  5.4141e-03  1.6098e-03  ;...
   1.1613e+01  8.9288e-06  8.6104e-02  -8.6114e-02  -8.6114e-02  5.1382e-03  1.4940e-03  ;...
   1.1759e+01  7.6755e-06  8.5036e-02  -8.5044e-02  -8.5044e-02  4.8724e-03  1.3851e-03  ;...
   1.1907e+01  6.5856e-06  8.3980e-02  -8.3988e-02  -8.3988e-02  4.6165e-03  1.2830e-03  ;...
   1.2056e+01  5.6395e-06  8.2938e-02  -8.2944e-02  -8.2944e-02  4.3705e-03  1.1873e-03  ;...
   1.2208e+01  4.8200e-06  8.1909e-02  -8.1914e-02  -8.1914e-02  4.1342e-03  1.0977e-03  ;...
   1.2361e+01  4.1115e-06  8.0892e-02  -8.0896e-02  -8.0896e-02  3.9074e-03  1.0138e-03  ;...
   1.2517e+01  3.5003e-06  7.9888e-02  -7.9891e-02  -7.9891e-02  3.6899e-03  9.3539e-04  ;...
   1.2674e+01  2.9740e-06  7.8896e-02  -7.8899e-02  -7.8899e-02  3.4815e-03  8.6220e-04  ;...
   1.2834e+01  2.5217e-06  7.7916e-02  -7.7919e-02  -7.7919e-02  3.2821e-03  7.9393e-04  ;...
   1.2995e+01  2.1339e-06  7.6949e-02  -7.6951e-02  -7.6951e-02  3.0915e-03  7.3033e-04  ;...
   1.3159e+01  1.8020e-06  7.5993e-02  -7.5995e-02  -7.5995e-02  2.9094e-03  6.7114e-04  ;...
   1.3324e+01  1.5186e-06  7.5049e-02  -7.5051e-02  -7.5051e-02  2.7356e-03  6.1611e-04  ;...
   1.3492e+01  1.2771e-06  7.4117e-02  -7.4119e-02  -7.4119e-02  2.5699e-03  5.6500e-04  ;...
   1.3662e+01  1.0718e-06  7.3197e-02  -7.3198e-02  -7.3198e-02  2.4121e-03  5.1759e-04  ;...
   1.3833e+01  8.9755e-07  7.2288e-02  -7.2289e-02  -7.2289e-02  2.2619e-03  4.7365e-04  ;...
   1.4007e+01  7.5003e-07  7.1390e-02  -7.1391e-02  -7.1391e-02  2.1192e-03  4.3298e-04  ;...
   1.4184e+01  6.2540e-07  7.0503e-02  -7.0504e-02  -7.0504e-02  1.9837e-03  3.9538e-04  ;...
   1.4362e+01  5.2035e-07  6.9627e-02  -6.9628e-02  -6.9628e-02  1.8551e-03  3.6064e-04  ;...
   1.4543e+01  4.3198e-07  6.8763e-02  -6.8763e-02  -6.8763e-02  1.7333e-03  3.2860e-04  ;...
   1.4726e+01  3.5783e-07  6.7908e-02  -6.7909e-02  -6.7909e-02  1.6179e-03  2.9907e-04  ;...
   1.4911e+01  2.9574e-07  6.7065e-02  -6.7065e-02  -6.7065e-02  1.5088e-03  2.7188e-04  ;...
   1.5098e+01  2.4388e-07  6.6232e-02  -6.6232e-02  -6.6232e-02  1.4058e-03  2.4689e-04  ;...
   1.5288e+01  2.0064e-07  6.5409e-02  -6.5409e-02  -6.5409e-02  1.3085e-03  2.2394e-04  ;...
   1.5481e+01  1.6470e-07  6.4597e-02  -6.4597e-02  -6.4597e-02  1.2167e-03  2.0289e-04  ;...
   1.5675e+01  1.3487e-07  6.3794e-02  -6.3794e-02  -6.3794e-02  1.1304e-03  1.8361e-04  ;...
   1.5873e+01  1.1019e-07  6.3002e-02  -6.3002e-02  -6.3002e-02  1.0491e-03  1.6596e-04  ;...
   1.6072e+01  8.9811e-08  6.2219e-02  -6.2219e-02  -6.2219e-02  9.7269e-04  1.4983e-04  ;...
   1.6274e+01  7.3025e-08  6.1446e-02  -6.1446e-02  -6.1446e-02  9.0097e-04  1.3510e-04  ;...
   1.6479e+01  5.9233e-08  6.0683e-02  -6.0683e-02  -6.0683e-02  8.3370e-04  1.2167e-04  ;...
   1.6686e+01  4.7927e-08  5.9929e-02  -5.9929e-02  -5.9929e-02  7.7068e-04  1.0945e-04  ;...
   1.6896e+01  3.8684e-08  5.9185e-02  -5.9185e-02  -5.9185e-02  7.1171e-04  9.8329e-05  ;...
   1.7109e+01  3.1145e-08  5.8450e-02  -5.8450e-02  -5.8450e-02  6.5657e-04  8.8229e-05  ;...
   1.7324e+01  2.5012e-08  5.7723e-02  -5.7723e-02  -5.7723e-02  6.0509e-04  7.9066e-05  ;...
   1.7542e+01  2.0036e-08  5.7006e-02  -5.7006e-02  -5.7006e-02  5.5707e-04  7.0764e-05  ;...
   1.7763e+01  1.6008e-08  5.6298e-02  -5.6298e-02  -5.6298e-02  5.1232e-04  6.3253e-05  ;...
   1.7986e+01  1.2756e-08  5.5599e-02  -5.5599e-02  -5.5599e-02  4.7067e-04  5.6464e-05  ;...
   1.8212e+01  1.0139e-08  5.4908e-02  -5.4908e-02  -5.4908e-02  4.3195e-04  5.0338e-05  ;...
   1.8441e+01  8.0365e-09  5.4226e-02  -5.4226e-02  -5.4226e-02  3.9599e-04  4.4817e-05  ;...
   1.8673e+01  6.3531e-09  5.3553e-02  -5.3553e-02  -5.3553e-02  3.6264e-04  3.9848e-05  ;...
   1.8908e+01  5.0087e-09  5.2887e-02  -5.2887e-02  -5.2887e-02  3.3173e-04  3.5381e-05  ;...
   1.9146e+01  3.9379e-09  5.2230e-02  -5.2230e-02  -5.2230e-02  3.0313e-04  3.1372e-05  ;...
   1.9387e+01  3.0874e-09  5.1581e-02  -5.1581e-02  -5.1581e-02  2.7669e-04  2.7778e-05  ;...
   1.9631e+01  2.4138e-09  5.0941e-02  -5.0941e-02  -5.0941e-02  2.5227e-04  2.4562e-05  ;...
   1.9878e+01  1.8818e-09  5.0308e-02  -5.0308e-02  -5.0308e-02  2.2976e-04  2.1686e-05  ;...
   2.0128e+01  1.4628e-09  4.9683e-02  -4.9683e-02  -4.9683e-02  2.0901e-04  1.9120e-05  ;...
   2.0381e+01  1.1338e-09  4.9066e-02  -4.9066e-02  -4.9066e-02  1.8993e-04  1.6833e-05  ;...
   2.0637e+01  8.7623e-10  4.8456e-02  -4.8456e-02  -4.8456e-02  1.7238e-04  1.4798e-05  ;...
   2.0897e+01  6.7515e-10  4.7854e-02  -4.7854e-02  -4.7854e-02  1.5628e-04  1.2990e-05  ;...
   2.1160e+01  5.1864e-10  4.7260e-02  -4.7260e-02  -4.7260e-02  1.4152e-04  1.1385e-05  ;...
   2.1426e+01  3.9720e-10  4.6673e-02  -4.6673e-02  -4.6673e-02  1.2800e-04  9.9633e-06  ;...
   2.1695e+01  3.0326e-10  4.6093e-02  -4.6093e-02  -4.6093e-02  1.1563e-04  8.7057e-06  ;...
   2.1968e+01  2.3082e-10  4.5520e-02  -4.5520e-02  -4.5520e-02  1.0433e-04  7.5950e-06  ;...
   2.2244e+01  1.7512e-10  4.4955e-02  -4.4955e-02  -4.4955e-02  9.4028e-05  6.6155e-06  ;...
   2.2524e+01  1.3245e-10  4.4396e-02  -4.4396e-02  -4.4396e-02  8.4636e-05  5.7532e-06  ;...
   2.2808e+01  9.9844e-11  4.3845e-02  -4.3845e-02  -4.3845e-02  7.6089e-05  4.9952e-06  ;...
   2.3095e+01  7.5022e-11  4.3300e-02  -4.3300e-02  -4.3300e-02  6.8320e-05  4.3299e-06  ;...
   2.3385e+01  5.6185e-11  4.2762e-02  -4.2762e-02  -4.2762e-02  6.1267e-05  3.7471e-06  ;...
   2.3679e+01  4.1936e-11  4.2231e-02  -4.2231e-02  -4.2231e-02  5.4873e-05  3.2373e-06  ;...
   2.3977e+01  3.1195e-11  4.1707e-02  -4.1707e-02  -4.1707e-02  4.9083e-05  2.7921e-06  ;...
   2.4279e+01  2.3126e-11  4.1189e-02  -4.1189e-02  -4.1189e-02  4.3847e-05  2.4040e-06  ;...
   2.4584e+01  1.7085e-11  4.0677e-02  -4.0677e-02  -4.0677e-02  3.9119e-05  2.0662e-06  ;...
   2.4893e+01  1.2577e-11  4.0172e-02  -4.0172e-02  -4.0172e-02  3.4855e-05  1.7728e-06  ;...
   2.5206e+01  9.2259e-12  3.9673e-02  -3.9673e-02  -3.9673e-02  3.1014e-05  1.5184e-06  ;...
   2.5523e+01  6.7433e-12  3.9180e-02  -3.9180e-02  -3.9180e-02  2.7559e-05  1.2981e-06  ;...
   2.5844e+01  4.9109e-12  3.8693e-02  -3.8693e-02  -3.8693e-02  2.4456e-05  1.1078e-06  ;...
   2.6170e+01  3.5632e-12  3.8212e-02  -3.8212e-02  -3.8212e-02  2.1673e-05  9.4361e-07  ;...
   2.6499e+01  2.5757e-12  3.7738e-02  -3.7738e-02  -3.7738e-02  1.9179e-05  8.0227e-07  ;...
   2.6832e+01  1.8549e-12  3.7269e-02  -3.7269e-02  -3.7269e-02  1.6949e-05  6.8081e-07  ;...
   2.7170e+01  1.3307e-12  3.6806e-02  -3.6806e-02  -3.6806e-02  1.4957e-05  5.7664e-07  ;...
   2.7511e+01  9.5093e-13  3.6349e-02  -3.6349e-02  -3.6349e-02  1.3180e-05  4.8746e-07  ;...
   2.7857e+01  6.7689e-13  3.5897e-02  -3.5897e-02  -3.5897e-02  1.1598e-05  4.1126e-07  ;...
   2.8208e+01  4.7991e-13  3.5451e-02  -3.5451e-02  -3.5451e-02  1.0190e-05  3.4629e-07  ;...
   2.8563e+01  3.3889e-13  3.5011e-02  -3.5011e-02  -3.5011e-02  8.9401e-06  2.9100e-07  ;...
   2.8922e+01  2.3834e-13  3.4576e-02  -3.4576e-02  -3.4576e-02  7.8317e-06  2.4404e-07  ;...
   2.9286e+01  1.6693e-13  3.4146e-02  -3.4146e-02  -3.4146e-02  6.8504e-06  2.0423e-07  ;...
   2.9654e+01  1.1643e-13  3.3722e-02  -3.3722e-02  -3.3722e-02  5.9829e-06  1.7057e-07  ;...
   3.0027e+01  8.0867e-14  3.3303e-02  -3.3303e-02  -3.3303e-02  5.2171e-06  1.4215e-07  ;...
   3.0405e+01  5.5925e-14  3.2890e-02  -3.2890e-02  -3.2890e-02  4.5423e-06  1.1821e-07  ;...
   3.0787e+01  3.8510e-14  3.2481e-02  -3.2481e-02  -3.2481e-02  3.9484e-06  9.8091e-08  ;...
   3.1174e+01  2.6401e-14  3.2078e-02  -3.2078e-02  -3.2078e-02  3.4267e-06  8.1219e-08  ;...
   3.1567e+01  1.8020e-14  3.1679e-02  -3.1679e-02  -3.1679e-02  2.9691e-06  6.7100e-08  ;...
   3.1964e+01  1.2244e-14  3.1286e-02  -3.1286e-02  -3.1286e-02  2.5684e-06  5.5311e-08  ;...
   3.2366e+01  8.2821e-15  3.0897e-02  -3.0897e-02  -3.0897e-02  2.2181e-06  4.5490e-08  ;...
   3.2773e+01  5.5763e-15  3.0513e-02  -3.0513e-02  -3.0513e-02  1.9124e-06  3.7325e-08  ;...
   3.3185e+01  3.7370e-15  3.0134e-02  -3.0134e-02  -3.0134e-02  1.6460e-06  3.0556e-08  ;...
   3.3602e+01  2.4926e-15  2.9760e-02  -2.9760e-02  -2.9760e-02  1.4142e-06  2.4955e-08  ;...
   3.4025e+01  1.6546e-15  2.9390e-02  -2.9390e-02  -2.9390e-02  1.2130e-06  2.0332e-08  ;...
   3.4453e+01  1.0931e-15  2.9025e-02  -2.9025e-02  -2.9025e-02  1.0386e-06  1.6525e-08  ;...
   3.4886e+01  7.1856e-16  2.8664e-02  -2.8664e-02  -2.8664e-02  8.8766e-07  1.3399e-08  ;...
   3.5325e+01  4.7003e-16  2.8308e-02  -2.8308e-02  -2.8308e-02  7.5730e-07  1.0836e-08  ;...
   3.5770e+01  3.0592e-16  2.7957e-02  -2.7957e-02  -2.7957e-02  6.4490e-07  8.7421e-09  ;...
   3.6220e+01  1.9809e-16  2.7609e-02  -2.7609e-02  -2.7609e-02  5.4817e-07  7.0349e-09  ;...
   3.6675e+01  1.2762e-16  2.7266e-02  -2.7266e-02  -2.7266e-02  4.6507e-07  5.6469e-09  ;...
   3.7136e+01  8.1784e-17  2.6928e-02  -2.6928e-02  -2.6928e-02  3.9383e-07  4.5198e-09  ;...
   3.7604e+01  5.2137e-17  2.6593e-02  -2.6593e-02  -2.6593e-02  3.3286e-07  3.6087e-09  ;...
   3.8077e+01  3.3059e-17  2.6263e-02  -2.6263e-02  -2.6263e-02  2.8078e-07  2.8732e-09  ;...
   3.8556e+01  2.0849e-17  2.5937e-02  -2.5937e-02  -2.5937e-02  2.3638e-07  2.2824e-09  ;...
   3.9040e+01  1.3077e-17  2.5614e-02  -2.5614e-02  -2.5614e-02  1.9861e-07  1.8071e-09  ;...
   3.9532e+01  8.1565e-18  2.5296e-02  -2.5296e-02  -2.5296e-02  1.6654e-07  1.4280e-09  ;...
   4.0029e+01  5.0590e-18  2.4982e-02  -2.4982e-02  -2.4982e-02  1.3936e-07  1.1242e-09  ;...
   4.0532e+01  3.1200e-18  2.4672e-02  -2.4672e-02  -2.4672e-02  1.1638e-07  8.8325e-10  ;...
   4.1042e+01  1.9131e-18  2.4365e-02  -2.4365e-02  -2.4365e-02  9.6981e-08  6.9075e-10  ;...
   4.1558e+01  1.1662e-18  2.4063e-02  -2.4063e-02  -2.4063e-02  8.0646e-08  5.4020e-10  ;...
   4.2081e+01  7.0674e-19  2.3764e-02  -2.3764e-02  -2.3764e-02  6.6920e-08  4.2062e-10  ;...
   4.2610e+01  4.2574e-19  2.3468e-02  -2.3468e-02  -2.3468e-02  5.5408e-08  3.2621e-10  ;...
   4.3146e+01  2.5491e-19  2.3177e-02  -2.3177e-02  -2.3177e-02  4.5776e-08  2.5263e-10  ;...
   4.3689e+01  1.5170e-19  2.2889e-02  -2.2889e-02  -2.2889e-02  3.7735e-08  1.9456e-10  ;...
   4.4239e+01  8.9713e-20  2.2605e-02  -2.2605e-02  -2.2605e-02  3.1036e-08  1.4919e-10  ;...
   4.4795e+01  5.2724e-20  2.2324e-02  -2.2324e-02  -2.2324e-02  2.5468e-08  1.1497e-10  ;...
   4.5359e+01  3.0789e-20  2.2047e-02  -2.2047e-02  -2.2047e-02  2.0850e-08  8.8186e-11  ;...
   4.5929e+01  1.7864e-20  2.1773e-02  -2.1773e-02  -2.1773e-02  1.7031e-08  6.6407e-11  ;...
   4.6507e+01  1.0297e-20  2.1502e-02  -2.1502e-02  -2.1502e-02  1.3877e-08  5.0530e-11  ;...
   4.7092e+01  5.8964e-21  2.1235e-02  -2.1235e-02  -2.1235e-02  1.1280e-08  3.8223e-11  ;...
   4.7684e+01  3.3539e-21  2.0971e-02  -2.0971e-02  -2.0971e-02  9.1482e-09  2.9360e-11  ;...
   4.8284e+01  1.8948e-21  2.0711e-02  -2.0711e-02  -2.0711e-02  7.4003e-09  2.1746e-11  ;...
   4.8891e+01  1.0632e-21  2.0454e-02  -2.0454e-02  -2.0454e-02  5.9712e-09  1.6363e-11  ;...
   4.9506e+01  5.9240e-22  2.0199e-02  -2.0199e-02  -2.0199e-02  4.8064e-09  1.2120e-11  ;...
   5.0129e+01  3.2777e-22  1.9949e-02  -1.9949e-02  -1.9949e-02  3.8588e-09  8.9768e-12  ;...
   5.0760e+01  1.8006e-22  1.9701e-02  -1.9701e-02  -1.9701e-02  3.0899e-09  6.8953e-12  ;...
   5.1398e+01  9.8208e-23  1.9456e-02  -1.9456e-02  -1.9456e-02  2.4678e-09  4.8640e-12  ;...
   5.2045e+01  5.3174e-23  1.9214e-02  -1.9214e-02  -1.9214e-02  1.9659e-09  3.8429e-12  ;...
   5.2699e+01  2.8578e-23  1.8976e-02  -1.8976e-02  -1.8976e-02  1.5613e-09  2.8463e-12  ;...
   5.3362e+01  1.5244e-23  1.8740e-02  -1.8740e-02  -1.8740e-02  1.2370e-09  1.8740e-12  ;...
   5.4033e+01  8.0702e-24  1.8507e-02  -1.8507e-02  -1.8507e-02  9.7751e-10  1.8507e-12  ;...
   5.4713e+01  4.2396e-24  1.8277e-02  -1.8277e-02  -1.8277e-02  7.6979e-10  9.1386e-13  ;...
   5.5401e+01  2.2100e-24  1.8050e-02  -1.8050e-02  -1.8050e-02  6.0501e-10  9.0251e-13  ;...
   5.6098e+01  1.1429e-24  1.7826e-02  -1.7826e-02  -1.7826e-02  4.7381e-10  8.9130e-13  ;...
   5.6804e+01  5.8640e-25  1.7604e-02  -1.7604e-02  -1.7604e-02  3.6987e-10  0.0000e+00  ;...
   5.7518e+01  2.9844e-25  1.7386e-02  -1.7386e-02  -1.7386e-02  2.8797e-10  0.0000e+00  ;...
   5.8242e+01  1.5065e-25  1.7170e-02  -1.7170e-02  -1.7170e-02  2.2399e-10  0.0000e+00  ;...
   5.8974e+01  7.5419e-26  1.6957e-02  -1.6957e-02  -1.6957e-02  1.7316e-10  0.0000e+00  ;...
   5.9716e+01  3.7441e-26  1.6746e-02  -1.6746e-02  -1.6746e-02  1.3337e-10  0.0000e+00  ;...
   6.0467e+01  1.8430e-26  1.6538e-02  -1.6538e-02  -1.6538e-02  1.0262e-10  0.0000e+00  ;...
   6.1228e+01  8.9944e-27  1.6332e-02  -1.6332e-02  -1.6332e-02  7.9003e-11  0.0000e+00  ;...
   6.1998e+01  4.3514e-27  1.6130e-02  -1.6130e-02  -1.6130e-02  6.0683e-11  0.0000e+00  ;...
   6.2778e+01  2.0867e-27  1.5929e-02  -1.5929e-02  -1.5929e-02  4.5920e-11  0.0000e+00  ;...
   6.3567e+01  9.9177e-28  1.5731e-02  -1.5731e-02  -1.5731e-02  3.4589e-11  0.0000e+00  ;...
   6.4367e+01  4.6713e-28  1.5536e-02  -1.5536e-02  -1.5536e-02  2.6568e-11  0.0000e+00  ;...
   6.5177e+01  2.1801e-28  1.5343e-02  -1.5343e-02  -1.5343e-02  2.0241e-11  0.0000e+00  ;...
   6.5996e+01  1.0081e-28  1.5152e-02  -1.5152e-02  -1.5152e-02  1.4807e-11  0.0000e+00  ;...
   6.6827e+01  4.6179e-29  1.4964e-02  -1.4964e-02  -1.4964e-02  1.0967e-11  0.0000e+00  ;...
   6.7667e+01  2.0953e-29  1.4778e-02  -1.4778e-02  -1.4778e-02  8.6648e-12  0.0000e+00  ;...
   6.8518e+01  9.4165e-30  1.4595e-02  -1.4595e-02  -1.4595e-02  6.4179e-12  0.0000e+00  ;...
   6.9380e+01  4.1907e-30  1.4413e-02  -1.4413e-02  -1.4413e-02  4.9297e-12  0.0000e+00  ;...
   7.0253e+01  1.8467e-30  1.4234e-02  -1.4234e-02  -1.4234e-02  3.4775e-12  0.0000e+00  ;...
   7.1137e+01  8.0569e-31  1.4057e-02  -1.4057e-02  -1.4057e-02  2.7474e-12  0.0000e+00  ;...
   7.2031e+01  3.4797e-31  1.3883e-02  -1.3883e-02  -1.3883e-02  2.0350e-12  0.0000e+00  ;...
   7.2937e+01  1.4875e-31  1.3710e-02  -1.3710e-02  -1.3710e-02  1.3398e-12  0.0000e+00  ;...
   7.3855e+01  6.2933e-32  1.3540e-02  -1.3540e-02  -1.3540e-02  6.6157e-13  0.0000e+00  ;...
   7.4784e+01  2.6347e-32  1.3372e-02  -1.3372e-02  -1.3372e-02  6.5335e-13  0.0000e+00  ;...
   7.5724e+01  1.0913e-32  1.3206e-02  -1.3206e-02  -1.3206e-02  6.4524e-13  0.0000e+00  ;...
   7.6677e+01  4.4721e-33  1.3042e-02  -1.3042e-02  -1.3042e-02  6.3722e-13  0.0000e+00  ;...
   7.7641e+01  1.8127e-33  1.2880e-02  -1.2880e-02  -1.2880e-02  0.0000e+00  0.0000e+00  ;...
   7.8618e+01  7.2667e-34  1.2720e-02  -1.2720e-02  -1.2720e-02  0.0000e+00  0.0000e+00  ;...
   7.9607e+01  2.8806e-34  1.2562e-02  -1.2562e-02  -1.2562e-02  0.0000e+00  0.0000e+00  ;...
   8.0608e+01  1.1291e-34  1.2406e-02  -1.2406e-02  -1.2406e-02  0.0000e+00  0.0000e+00  ;...
   8.1622e+01  4.3750e-35  1.2252e-02  -1.2252e-02  -1.2252e-02  0.0000e+00  0.0000e+00  ;...
   8.2649e+01  1.6756e-35  1.2099e-02  -1.2099e-02  -1.2099e-02  0.0000e+00  0.0000e+00  ;...
   8.3689e+01  6.3428e-36  1.1949e-02  -1.1949e-02  -1.1949e-02  0.0000e+00  0.0000e+00  ;...
   8.4741e+01  2.3725e-36  1.1801e-02  -1.1801e-02  -1.1801e-02  0.0000e+00  0.0000e+00  ;...
   8.5807e+01  8.7679e-37  1.1654e-02  -1.1654e-02  -1.1654e-02  0.0000e+00  0.0000e+00  ;...
   8.6886e+01  3.2009e-37  1.1509e-02  -1.1509e-02  -1.1509e-02  0.0000e+00  0.0000e+00  ;...
   8.7979e+01  1.1542e-37  1.1366e-02  -1.1366e-02  -1.1366e-02  0.0000e+00  0.0000e+00  ;...
   8.9086e+01  4.1102e-38  1.1225e-02  -1.1225e-02  -1.1225e-02  0.0000e+00  0.0000e+00  ;...
   9.0207e+01  1.4452e-38  1.1086e-02  -1.1086e-02  -1.1086e-02  0.0000e+00  0.0000e+00  ;...
   9.1341e+01  5.0167e-39  1.0948e-02  -1.0948e-02  -1.0948e-02  0.0000e+00  0.0000e+00  ;...
   9.2490e+01  1.7189e-39  1.0812e-02  -1.0812e-02  -1.0812e-02  0.0000e+00  0.0000e+00  ;...
   9.3654e+01  5.8128e-40  1.0678e-02  -1.0678e-02  -1.0678e-02  0.0000e+00  0.0000e+00  ;...
   9.4832e+01  1.9396e-40  1.0545e-02  -1.0545e-02  -1.0545e-02  0.0000e+00  0.0000e+00  ;...
   9.6024e+01  6.3853e-41  1.0414e-02  -1.0414e-02  -1.0414e-02  0.0000e+00  0.0000e+00  ;...
   9.7232e+01  2.0735e-41  1.0285e-02  -1.0285e-02  -1.0285e-02  0.0000e+00  0.0000e+00  ;...
   9.8455e+01  6.6409e-42  1.0157e-02  -1.0157e-02  -1.0157e-02  0.0000e+00  0.0000e+00  ;...
   9.9694e+01  2.0973e-42  1.0031e-02  -1.0031e-02  -1.0031e-02  0.0000e+00  0.0000e+00  ;...
   1.0095e+02  6.5301e-43  9.9061e-03  -9.9061e-03  -9.9061e-03  0.0000e+00  0.0000e+00  ;...
   1.0222e+02  2.0042e-43  9.7831e-03  -9.7831e-03  -9.7831e-03  0.0000e+00  0.0000e+00  ;...
   1.0350e+02  6.0623e-44  9.6615e-03  -9.6615e-03  -9.6615e-03  0.0000e+00  0.0000e+00  ;...
   1.0481e+02  1.8069e-44  9.5415e-03  -9.5415e-03  -9.5415e-03  0.0000e+00  0.0000e+00  ;...
   1.0612e+02  5.3057e-45  9.4230e-03  -9.4230e-03  -9.4230e-03  0.0000e+00  0.0000e+00  ;...
   1.0746e+02  1.5346e-45  9.3059e-03  -9.3059e-03  -9.3059e-03  0.0000e+00  0.0000e+00  ;...
   1.0881e+02  4.3711e-46  9.1903e-03  -9.1903e-03  -9.1903e-03  0.0000e+00  0.0000e+00  ;...
   1.1018e+02  1.2259e-46  9.0762e-03  -9.0762e-03  -9.0762e-03  0.0000e+00  0.0000e+00  ;...
   1.1156e+02  3.3845e-47  8.9634e-03  -8.9634e-03  -8.9634e-03  0.0000e+00  0.0000e+00  ;...
   1.1297e+02  9.1972e-48  8.8521e-03  -8.8521e-03  -8.8521e-03  0.0000e+00  0.0000e+00  ;...
   1.1439e+02  2.4605e-48  8.7421e-03  -8.7421e-03  -8.7421e-03  0.0000e+00  0.0000e+00  ;...
   1.1583e+02  6.4765e-49  8.6335e-03  -8.6335e-03  -8.6335e-03  0.0000e+00  0.0000e+00  ;...
   ];