dataO = [...
   3.8974e-06  4.5619e+00  6.4423e+00  -1.5165e+01  -7.7031e+00  1.2537e-05  7.5514e-01  ;...
   7.8437e-06  4.5619e+00  6.4423e+00  -1.5165e+01  -7.7031e+00  1.8688e-05  7.5514e-01  ;...
   1.1840e-05  4.5619e+00  6.4423e+00  -1.5165e+01  -7.7031e+00  2.4761e-05  7.5514e-01  ;...
   1.5886e-05  4.5619e+00  6.4423e+00  -1.5165e+01  -7.7031e+00  3.3832e-05  7.5514e-01  ;...
   1.9983e-05  4.5619e+00  6.4423e+00  -1.5165e+01  -7.7031e+00  4.4011e-05  7.5514e-01  ;...
   2.4132e-05  4.5619e+00  6.4423e+00  -1.5165e+01  -7.7031e+00  5.2643e-05  7.5514e-01  ;...
   2.8333e-05  4.5619e+00  6.4423e+00  -1.5165e+01  -7.7031e+00  6.2082e-05  7.5514e-01  ;...
   3.2587e-05  4.5619e+00  6.4423e+00  -1.5165e+01  -7.7031e+00  7.0472e-05  7.5514e-01  ;...
   3.6894e-05  4.5619e+00  6.4423e+00  -1.5165e+01  -7.7031e+00  8.0785e-05  7.5514e-01  ;...
   4.1255e-05  4.5619e+00  6.4423e+00  -1.5165e+01  -7.7031e+00  9.0010e-05  7.5514e-01  ;...
   4.5672e-05  4.5619e+00  6.4423e+00  -1.5165e+01  -7.7031e+00  9.9493e-05  7.5514e-01  ;...
   5.0143e-05  4.5619e+00  6.4423e+00  -1.5165e+01  -7.7031e+00  1.0913e-04  7.5514e-01  ;...
   5.4671e-05  4.5619e+00  6.4423e+00  -1.5165e+01  -7.7031e+00  1.1976e-04  7.5514e-01  ;...
   5.9256e-05  4.5619e+00  6.4423e+00  -1.5165e+01  -7.7031e+00  1.2946e-04  7.5514e-01  ;...
   6.3899e-05  4.5619e+00  6.4423e+00  -1.5165e+01  -7.7031e+00  1.3917e-04  7.5514e-01  ;...
   6.8600e-05  4.5619e+00  6.4423e+00  -1.5165e+01  -7.7031e+00  1.4957e-04  7.5514e-01  ;...
   7.3361e-05  4.5619e+00  6.4423e+00  -1.5165e+01  -7.7031e+00  1.5985e-04  7.5514e-01  ;...
   7.8181e-05  4.5619e+00  6.4423e+00  -1.5165e+01  -7.7031e+00  1.7062e-04  7.5514e-01  ;...
   8.3061e-05  4.5619e+00  6.4423e+00  -1.5165e+01  -7.7031e+00  1.8118e-04  7.5514e-01  ;...
   8.8004e-05  4.5619e+00  6.4423e+00  -1.5165e+01  -7.7031e+00  1.9210e-04  7.5514e-01  ;...
   9.3008e-05  4.5619e+00  6.4423e+00  -1.5165e+01  -7.7031e+00  2.0278e-04  7.5514e-01  ;...
   9.8075e-05  4.5619e+00  6.4423e+00  -1.5165e+01  -7.7031e+00  2.1422e-04  7.5514e-01  ;...
   1.0321e-04  4.5619e+00  6.4423e+00  -1.5165e+01  -7.7031e+00  2.2535e-04  7.5514e-01  ;...
   1.0840e-04  4.5619e+00  6.4423e+00  -1.5165e+01  -7.7031e+00  2.3664e-04  7.5514e-01  ;...
   1.1366e-04  4.5619e+00  6.4423e+00  -1.5165e+01  -7.7031e+00  2.4804e-04  7.5514e-01  ;...
   1.1899e-04  4.5619e+00  6.4423e+00  -1.5165e+01  -7.7031e+00  2.5993e-04  7.5514e-01  ;...
   1.2438e-04  4.5619e+00  6.4423e+00  -1.5165e+01  -7.7031e+00  2.7144e-04  7.5514e-01  ;...
   1.2985e-04  4.5619e+00  6.4423e+00  -1.5165e+01  -7.7031e+00  2.8335e-04  7.5514e-01  ;...
   1.3538e-04  4.5619e+00  6.4423e+00  -1.5165e+01  -7.7031e+00  2.9560e-04  7.5514e-01  ;...
   1.4098e-04  4.5619e+00  6.4423e+00  -1.5165e+01  -7.7031e+00  3.0777e-04  7.5514e-01  ;...
   1.4665e-04  4.5619e+00  6.4423e+00  -1.5165e+01  -7.7031e+00  3.2019e-04  7.5514e-01  ;...
   1.5239e-04  4.5619e+00  6.4423e+00  -1.5165e+01  -7.7031e+00  3.3281e-04  7.5514e-01  ;...
   1.5820e-04  4.5619e+00  6.4423e+00  -1.5165e+01  -7.7031e+00  3.4529e-04  7.5514e-01  ;...
   1.6409e-04  4.5619e+00  6.4423e+00  -1.5165e+01  -7.7031e+00  3.5821e-04  7.5514e-01  ;...
   1.7005e-04  4.5619e+00  6.4423e+00  -1.5165e+01  -7.7031e+00  3.7122e-04  7.5514e-01  ;...
   1.7609e-04  4.5619e+00  6.4423e+00  -1.5165e+01  -7.7031e+00  3.8430e-04  7.5514e-01  ;...
   1.8220e-04  4.5619e+00  6.4423e+00  -1.5165e+01  -7.7031e+00  3.9769e-04  7.5514e-01  ;...
   1.8839e-04  4.5619e+00  6.4423e+00  -1.5165e+01  -7.7031e+00  4.1134e-04  7.5514e-01  ;...
   1.9466e-04  4.5619e+00  6.4423e+00  -1.5165e+01  -7.7031e+00  4.2496e-04  7.5514e-01  ;...
   2.0100e-04  4.5619e+00  6.4423e+00  -1.5165e+01  -7.7031e+00  4.3876e-04  7.5514e-01  ;...
   2.0743e-04  4.5619e+00  6.4423e+00  -1.5165e+01  -7.7031e+00  4.5273e-04  7.5514e-01  ;...
   2.1393e-04  4.5619e+00  6.4423e+00  -1.5165e+01  -7.7031e+00  4.6706e-04  7.5514e-01  ;...
   2.2052e-04  4.5619e+00  6.4423e+00  -1.5165e+01  -7.7031e+00  4.8146e-04  7.5514e-01  ;...
   2.2719e-04  4.5619e+00  6.4423e+00  -1.5165e+01  -7.7031e+00  4.9593e-04  7.5514e-01  ;...
   2.3395e-04  4.5619e+00  6.4423e+00  -1.5165e+01  -7.7031e+00  5.1064e-04  7.5514e-01  ;...
   2.4079e-04  4.5619e+00  6.4423e+00  -1.5165e+01  -7.7031e+00  5.2556e-04  7.5514e-01  ;...
   2.4772e-04  4.5619e+00  6.4423e+00  -1.5165e+01  -7.7031e+00  5.4084e-04  7.5514e-01  ;...
   2.5473e-04  4.5619e+00  6.4423e+00  -1.5165e+01  -7.7031e+00  5.5607e-04  7.5514e-01  ;...
   2.6183e-04  4.5619e+00  6.4423e+00  -1.5165e+01  -7.7031e+00  5.7159e-04  7.5514e-01  ;...
   2.6902e-04  4.5619e+00  6.4423e+00  -1.5165e+01  -7.7031e+00  5.8719e-04  7.5514e-01  ;...
   2.7630e-04  4.5619e+00  6.4423e+00  -1.5165e+01  -7.7031e+00  6.0319e-04  7.5514e-01  ;...
   2.8367e-04  4.5619e+00  6.4423e+00  -1.5165e+01  -7.7031e+00  6.1920e-04  7.5514e-01  ;...
   2.9114e-04  4.5619e+00  6.4423e+00  -1.5165e+01  -7.7031e+00  6.3555e-04  7.5514e-01  ;...
   2.9870e-04  4.5619e+00  6.4423e+00  -1.5165e+01  -7.7031e+00  6.5202e-04  7.5514e-01  ;...
   3.0635e-04  4.5619e+00  6.4423e+00  -1.5165e+01  -7.7031e+00  6.6874e-04  7.5514e-01  ;...
   3.1411e-04  4.5619e+00  6.4423e+00  -1.5165e+01  -7.7031e+00  6.8568e-04  7.5514e-01  ;...
   3.2195e-04  4.5619e+00  6.4423e+00  -1.5165e+01  -7.7031e+00  7.0281e-04  7.5514e-01  ;...
   3.2990e-04  4.5619e+00  6.4423e+00  -1.5165e+01  -7.7031e+00  7.2009e-04  7.5514e-01  ;...
   3.3795e-04  4.5619e+00  6.4423e+00  -1.5165e+01  -7.7031e+00  7.3764e-04  7.5514e-01  ;...
   3.4610e-04  4.5619e+00  6.4423e+00  -1.5165e+01  -7.7031e+00  7.5557e-04  7.5514e-01  ;...
   3.5435e-04  4.5619e+00  6.4423e+00  -1.5165e+01  -7.7031e+00  7.7355e-04  7.5514e-01  ;...
   3.6270e-04  4.5619e+00  6.4423e+00  -1.5165e+01  -7.7031e+00  7.9170e-04  7.5514e-01  ;...
   3.7116e-04  4.5619e+00  6.4423e+00  -1.5165e+01  -7.7031e+00  8.1026e-04  7.5514e-01  ;...
   3.7973e-04  4.5619e+00  6.4423e+00  -1.5165e+01  -7.7031e+00  8.2891e-04  7.5514e-01  ;...
   3.8840e-04  4.5619e+00  6.4423e+00  -1.5165e+01  -7.7031e+00  8.4788e-04  7.5514e-01  ;...
   3.9718e-04  4.5619e+00  6.4423e+00  -1.5165e+01  -7.7031e+00  8.6702e-04  7.5514e-01  ;...
   4.0608e-04  4.5619e+00  6.4423e+00  -1.5165e+01  -7.7031e+00  8.8642e-04  7.5514e-01  ;...
   4.1508e-04  4.5619e+00  6.4423e+00  -1.5165e+01  -7.7031e+00  9.0615e-04  7.5514e-01  ;...
   4.2420e-04  4.5619e+00  6.4423e+00  -1.5165e+01  -7.7031e+00  9.2595e-04  7.5514e-01  ;...
   4.3343e-04  4.5619e+00  6.4423e+00  -1.5165e+01  -7.7031e+00  9.4613e-04  7.5514e-01  ;...
   4.4278e-04  4.5619e+00  6.4423e+00  -1.5165e+01  -7.7031e+00  9.6654e-04  7.5514e-01  ;...
   4.5225e-04  4.5619e+00  6.4423e+00  -1.5165e+01  -7.7031e+00  9.8725e-04  7.5514e-01  ;...
   4.6184e-04  4.5619e+00  6.4423e+00  -1.5165e+01  -7.7031e+00  1.0081e-03  7.5514e-01  ;...
   4.7154e-04  4.5619e+00  6.4423e+00  -1.5165e+01  -7.7031e+00  1.0293e-03  7.5514e-01  ;...
   4.8137e-04  4.5619e+00  6.4423e+00  -1.5165e+01  -7.7031e+00  1.0508e-03  7.5514e-01  ;...
   4.9132e-04  4.5619e+00  6.4423e+00  -1.5165e+01  -7.7031e+00  1.0725e-03  7.5514e-01  ;...
   5.0140e-04  4.5619e+00  6.4423e+00  -1.5165e+01  -7.7031e+00  1.0945e-03  7.5514e-01  ;...
   5.1160e-04  4.5619e+00  6.4423e+00  -1.5165e+01  -7.7031e+00  1.1168e-03  7.5514e-01  ;...
   5.2194e-04  4.5619e+00  6.4423e+00  -1.5165e+01  -7.7031e+00  1.1394e-03  7.5514e-01  ;...
   5.3240e-04  4.5619e+00  6.4423e+00  -1.5165e+01  -7.7031e+00  1.1622e-03  7.5514e-01  ;...
   5.4299e-04  4.5619e+00  6.4423e+00  -1.5165e+01  -7.7031e+00  1.1853e-03  7.5514e-01  ;...
   5.5372e-04  4.5619e+00  6.4423e+00  -1.5165e+01  -7.7031e+00  1.2087e-03  7.5514e-01  ;...
   5.6458e-04  4.5619e+00  6.4423e+00  -1.5165e+01  -7.7031e+00  1.2324e-03  7.5514e-01  ;...
   5.7558e-04  4.5619e+00  6.4423e+00  -1.5165e+01  -7.7031e+00  1.2564e-03  7.5514e-01  ;...
   5.8672e-04  4.5619e+00  6.4423e+00  -1.5165e+01  -7.7031e+00  1.2808e-03  7.5514e-01  ;...
   5.9800e-04  4.5619e+00  6.4423e+00  -1.5165e+01  -7.7031e+00  1.3054e-03  7.5514e-01  ;...
   6.0942e-04  4.5619e+00  6.4423e+00  -1.5165e+01  -7.7031e+00  1.3303e-03  7.5514e-01  ;...
   6.2098e-04  4.5619e+00  6.4423e+00  -1.5165e+01  -7.7031e+00  1.3555e-03  7.5514e-01  ;...
   6.3269e-04  4.5619e+00  6.4423e+00  -1.5165e+01  -7.7031e+00  1.3811e-03  7.5514e-01  ;...
   6.4454e-04  4.5619e+00  6.4423e+00  -1.5165e+01  -7.7031e+00  1.4070e-03  7.5514e-01  ;...
   6.5655e-04  4.5619e+00  6.4423e+00  -1.5165e+01  -7.7031e+00  1.4332e-03  7.5514e-01  ;...
   6.6870e-04  4.5619e+00  6.4423e+00  -1.5165e+01  -7.7031e+00  1.4597e-03  7.5514e-01  ;...
   6.8101e-04  4.5619e+00  6.4423e+00  -1.5165e+01  -7.7031e+00  1.4866e-03  7.5514e-01  ;...
   6.9348e-04  4.5619e+00  6.4423e+00  -1.5165e+01  -7.7031e+00  1.5138e-03  7.5514e-01  ;...
   7.0610e-04  4.5619e+00  6.4423e+00  -1.5165e+01  -7.7031e+00  1.5414e-03  7.5514e-01  ;...
   7.1887e-04  4.5619e+00  6.4423e+00  -1.5165e+01  -7.7031e+00  1.5692e-03  7.5514e-01  ;...
   7.3181e-04  4.5619e+00  6.4423e+00  -1.5165e+01  -7.7031e+00  1.5975e-03  7.5514e-01  ;...
   7.4492e-04  4.5619e+00  6.4423e+00  -1.5165e+01  -7.7031e+00  1.6261e-03  7.5514e-01  ;...
   7.5818e-04  4.5619e+00  6.4423e+00  -1.5165e+01  -7.7031e+00  1.6550e-03  7.5514e-01  ;...
   7.7162e-04  4.5619e+00  6.4423e+00  -1.5165e+01  -7.7031e+00  1.6844e-03  7.5514e-01  ;...
   7.8522e-04  4.5619e+00  6.4423e+00  -1.5165e+01  -7.7031e+00  1.7141e-03  7.5514e-01  ;...
   7.9900e-04  4.5619e+00  6.4423e+00  -1.5165e+01  -7.7031e+00  1.7441e-03  7.5514e-01  ;...
   8.1294e-04  4.5619e+00  6.4423e+00  -1.5165e+01  -7.7031e+00  1.7746e-03  7.5514e-01  ;...
   8.2707e-04  4.5620e+00  6.4423e+00  -1.5165e+01  -7.7031e+00  1.8054e-03  7.5514e-01  ;...
   8.4137e-04  4.5620e+00  6.4423e+00  -1.5165e+01  -7.7031e+00  1.8367e-03  7.5514e-01  ;...
   8.5585e-04  4.5620e+00  6.4423e+00  -1.5165e+01  -7.7031e+00  1.8683e-03  7.5514e-01  ;...
   8.7051e-04  4.5620e+00  6.4423e+00  -1.5165e+01  -7.7031e+00  1.9003e-03  7.5514e-01  ;...
   8.8536e-04  4.5620e+00  6.4423e+00  -1.5165e+01  -7.7031e+00  1.9327e-03  7.5514e-01  ;...
   9.0039e-04  4.5620e+00  6.4423e+00  -1.5165e+01  -7.7031e+00  1.9655e-03  7.5514e-01  ;...
   9.1561e-04  4.5620e+00  6.4423e+00  -1.5165e+01  -7.7031e+00  1.9987e-03  7.5514e-01  ;...
   9.3103e-04  4.5620e+00  6.4423e+00  -1.5165e+01  -7.7031e+00  2.0324e-03  7.5514e-01  ;...
   9.4664e-04  4.5620e+00  6.4423e+00  -1.5165e+01  -7.7031e+00  2.0664e-03  7.5514e-01  ;...
   9.6244e-04  4.5620e+00  6.4423e+00  -1.5165e+01  -7.7031e+00  2.1009e-03  7.5514e-01  ;...
   9.7844e-04  4.5620e+00  6.4423e+00  -1.5165e+01  -7.7031e+00  2.1359e-03  7.5514e-01  ;...
   9.9465e-04  4.5620e+00  6.4423e+00  -1.5165e+01  -7.7031e+00  2.1712e-03  7.5514e-01  ;...
   1.0111e-03  4.5620e+00  6.4423e+00  -1.5165e+01  -7.7031e+00  2.2070e-03  7.5514e-01  ;...
   1.0277e-03  4.5620e+00  6.4423e+00  -1.5165e+01  -7.7031e+00  2.2433e-03  7.5514e-01  ;...
   1.0445e-03  4.5620e+00  6.4423e+00  -1.5165e+01  -7.7031e+00  2.2800e-03  7.5514e-01  ;...
   1.0615e-03  4.5620e+00  6.4423e+00  -1.5165e+01  -7.7031e+00  2.3172e-03  7.5514e-01  ;...
   1.0788e-03  4.5620e+00  6.4423e+00  -1.5165e+01  -7.7031e+00  2.3549e-03  7.5514e-01  ;...
   1.0962e-03  4.5620e+00  6.4423e+00  -1.5165e+01  -7.7031e+00  2.3930e-03  7.5514e-01  ;...
   1.1139e-03  4.5620e+00  6.4423e+00  -1.5165e+01  -7.7031e+00  2.4316e-03  7.5514e-01  ;...
   1.1318e-03  4.5620e+00  6.4423e+00  -1.5165e+01  -7.7031e+00  2.4707e-03  7.5514e-01  ;...
   1.1500e-03  4.5620e+00  6.4423e+00  -1.5165e+01  -7.7031e+00  2.5103e-03  7.5514e-01  ;...
   1.1683e-03  4.5620e+00  6.4423e+00  -1.5165e+01  -7.7031e+00  2.5504e-03  7.5514e-01  ;...
   1.1869e-03  4.5620e+00  6.4423e+00  -1.5165e+01  -7.7031e+00  2.5910e-03  7.5514e-01  ;...
   1.2058e-03  4.5620e+00  6.4423e+00  -1.5165e+01  -7.7031e+00  2.6321e-03  7.5514e-01  ;...
   1.2248e-03  4.5620e+00  6.4423e+00  -1.5165e+01  -7.7031e+00  2.6737e-03  7.5514e-01  ;...
   1.2441e-03  4.5620e+00  6.4423e+00  -1.5165e+01  -7.7031e+00  2.7158e-03  7.5514e-01  ;...
   1.2637e-03  4.5620e+00  6.4423e+00  -1.5165e+01  -7.7031e+00  2.7585e-03  7.5514e-01  ;...
   1.2835e-03  4.5620e+00  6.4423e+00  -1.5165e+01  -7.7031e+00  2.8017e-03  7.5514e-01  ;...
   1.3035e-03  4.5620e+00  6.4423e+00  -1.5165e+01  -7.7031e+00  2.8455e-03  7.5514e-01  ;...
   1.3238e-03  4.5620e+00  6.4423e+00  -1.5165e+01  -7.7031e+00  2.8898e-03  7.5514e-01  ;...
   1.3443e-03  4.5620e+00  6.4423e+00  -1.5165e+01  -7.7031e+00  2.9346e-03  7.5514e-01  ;...
   1.3652e-03  4.5620e+00  6.4423e+00  -1.5165e+01  -7.7031e+00  2.9800e-03  7.5514e-01  ;...
   1.3862e-03  4.5620e+00  6.4423e+00  -1.5165e+01  -7.7031e+00  3.0260e-03  7.5514e-01  ;...
   1.4076e-03  4.5620e+00  6.4423e+00  -1.5165e+01  -7.7031e+00  3.0726e-03  7.5514e-01  ;...
   1.4292e-03  4.5621e+00  6.4423e+00  -1.5165e+01  -7.7031e+00  3.1198e-03  7.5514e-01  ;...
   1.4510e-03  4.5621e+00  6.4423e+00  -1.5165e+01  -7.7031e+00  3.1675e-03  7.5514e-01  ;...
   1.4732e-03  4.5621e+00  6.4423e+00  -1.5165e+01  -7.7031e+00  3.2158e-03  7.5514e-01  ;...
   1.4956e-03  4.5621e+00  6.4423e+00  -1.5165e+01  -7.7031e+00  3.2648e-03  7.5514e-01  ;...
   1.5183e-03  4.5621e+00  6.4423e+00  -1.5165e+01  -7.7031e+00  3.3144e-03  7.5514e-01  ;...
   1.5413e-03  4.5621e+00  6.4423e+00  -1.5165e+01  -7.7031e+00  3.3646e-03  7.5514e-01  ;...
   1.5646e-03  4.5621e+00  6.4423e+00  -1.5165e+01  -7.7031e+00  3.4154e-03  7.5514e-01  ;...
   1.5882e-03  4.5621e+00  6.4423e+00  -1.5165e+01  -7.7031e+00  3.4669e-03  7.5514e-01  ;...
   1.6121e-03  4.5621e+00  6.4423e+00  -1.5165e+01  -7.7031e+00  3.5190e-03  7.5514e-01  ;...
   1.6362e-03  4.5621e+00  6.4423e+00  -1.5165e+01  -7.7031e+00  3.5718e-03  7.5514e-01  ;...
   1.6607e-03  4.5621e+00  6.4423e+00  -1.5165e+01  -7.7031e+00  3.6252e-03  7.5514e-01  ;...
   1.6855e-03  4.5621e+00  6.4423e+00  -1.5165e+01  -7.7031e+00  3.6793e-03  7.5514e-01  ;...
   1.7106e-03  4.5621e+00  6.4423e+00  -1.5165e+01  -7.7031e+00  3.7341e-03  7.5514e-01  ;...
   1.7360e-03  4.5621e+00  6.4423e+00  -1.5165e+01  -7.7031e+00  3.7896e-03  7.5514e-01  ;...
   1.7617e-03  4.5621e+00  6.4423e+00  -1.5165e+01  -7.7031e+00  3.8457e-03  7.5514e-01  ;...
   1.7878e-03  4.5621e+00  6.4423e+00  -1.5165e+01  -7.7031e+00  3.9026e-03  7.5514e-01  ;...
   1.8142e-03  4.5621e+00  6.4423e+00  -1.5165e+01  -7.7031e+00  3.9602e-03  7.5514e-01  ;...
   1.8409e-03  4.5622e+00  6.4423e+00  -1.5165e+01  -7.7031e+00  4.0185e-03  7.5514e-01  ;...
   1.8680e-03  4.5622e+00  6.4423e+00  -1.5165e+01  -7.7031e+00  4.0776e-03  7.5514e-01  ;...
   1.8953e-03  4.5622e+00  6.4423e+00  -1.5165e+01  -7.7031e+00  4.1374e-03  7.5514e-01  ;...
   1.9231e-03  4.5622e+00  6.4423e+00  -1.5165e+01  -7.7031e+00  4.1979e-03  7.5514e-01  ;...
   1.9512e-03  4.5622e+00  6.4423e+00  -1.5165e+01  -7.7031e+00  4.2592e-03  7.5514e-01  ;...
   1.9796e-03  4.5622e+00  6.4423e+00  -1.5165e+01  -7.7031e+00  4.3213e-03  7.5514e-01  ;...
   2.0084e-03  4.5622e+00  6.4423e+00  -1.5165e+01  -7.7031e+00  4.3842e-03  7.5514e-01  ;...
   2.0376e-03  4.5622e+00  6.4423e+00  -1.5165e+01  -7.7031e+00  4.4478e-03  7.5514e-01  ;...
   2.0671e-03  4.5622e+00  6.4423e+00  -1.5165e+01  -7.7031e+00  4.5123e-03  7.5514e-01  ;...
   2.0970e-03  4.5622e+00  6.4423e+00  -1.5165e+01  -7.7031e+00  4.5775e-03  7.5514e-01  ;...
   2.1273e-03  4.5622e+00  6.4423e+00  -1.5165e+01  -7.7031e+00  4.6436e-03  7.5514e-01  ;...
   2.1579e-03  4.5623e+00  6.4423e+00  -1.5165e+01  -7.7031e+00  4.7106e-03  7.5514e-01  ;...
   2.1890e-03  4.5623e+00  6.4423e+00  -1.5165e+01  -7.7031e+00  4.7783e-03  7.5514e-01  ;...
   2.2204e-03  4.5623e+00  6.4423e+00  -1.5165e+01  -7.7031e+00  4.8469e-03  7.5514e-01  ;...
   2.2522e-03  4.5623e+00  6.4423e+00  -1.5165e+01  -7.7031e+00  4.9164e-03  7.5514e-01  ;...
   2.2844e-03  4.5623e+00  6.4423e+00  -1.5165e+01  -7.7031e+00  4.9867e-03  7.5514e-01  ;...
   2.3171e-03  4.5623e+00  6.4423e+00  -1.5165e+01  -7.7031e+00  5.0580e-03  7.5514e-01  ;...
   2.3501e-03  4.5623e+00  6.4423e+00  -1.5165e+01  -7.7031e+00  5.1301e-03  7.5514e-01  ;...
   2.3836e-03  4.5623e+00  6.4423e+00  -1.5165e+01  -7.7031e+00  5.2031e-03  7.5514e-01  ;...
   2.4175e-03  4.5623e+00  6.4423e+00  -1.5165e+01  -7.7031e+00  5.2771e-03  7.5514e-01  ;...
   2.4518e-03  4.5624e+00  6.4423e+00  -1.5165e+01  -7.7031e+00  5.3520e-03  7.5514e-01  ;...
   2.4865e-03  4.5624e+00  6.4423e+00  -1.5165e+01  -7.7031e+00  5.4278e-03  7.5514e-01  ;...
   2.5217e-03  4.5624e+00  6.4423e+00  -1.5165e+01  -7.7031e+00  5.5046e-03  7.5514e-01  ;...
   2.5573e-03  4.5624e+00  6.4423e+00  -1.5165e+01  -7.7031e+00  5.5823e-03  7.5514e-01  ;...
   2.5934e-03  4.5624e+00  6.4423e+00  -1.5165e+01  -7.7031e+00  5.6611e-03  7.5514e-01  ;...
   2.6299e-03  4.5624e+00  6.4423e+00  -1.5165e+01  -7.7031e+00  5.7408e-03  7.5514e-01  ;...
   2.6669e-03  4.5624e+00  6.4423e+00  -1.5165e+01  -7.7031e+00  5.8215e-03  7.5514e-01  ;...
   2.7043e-03  4.5625e+00  6.4423e+00  -1.5165e+01  -7.7031e+00  5.9032e-03  7.5514e-01  ;...
   2.7422e-03  4.5625e+00  6.4423e+00  -1.5165e+01  -7.7031e+00  5.9860e-03  7.5514e-01  ;...
   2.7806e-03  4.5625e+00  6.4423e+00  -1.5165e+01  -7.7031e+00  6.0698e-03  7.5514e-01  ;...
   2.8195e-03  4.5625e+00  6.4423e+00  -1.5165e+01  -7.7031e+00  6.1546e-03  7.5514e-01  ;...
   2.8588e-03  4.5625e+00  6.4423e+00  -1.5165e+01  -7.7031e+00  6.2405e-03  7.5514e-01  ;...
   2.8987e-03  4.5625e+00  6.4423e+00  -1.5165e+01  -7.7031e+00  6.3275e-03  7.5514e-01  ;...
   2.9390e-03  4.5626e+00  6.4423e+00  -1.5165e+01  -7.7031e+00  6.4156e-03  7.5514e-01  ;...
   2.9799e-03  4.5626e+00  6.4423e+00  -1.5165e+01  -7.7031e+00  6.5048e-03  7.5514e-01  ;...
   3.0213e-03  4.5626e+00  6.4423e+00  -1.5165e+01  -7.7031e+00  6.5952e-03  7.5514e-01  ;...
   3.0632e-03  4.5626e+00  6.4423e+00  -1.5165e+01  -7.7031e+00  6.6866e-03  7.5514e-01  ;...
   3.1056e-03  4.5626e+00  6.4423e+00  -1.5165e+01  -7.7031e+00  6.7792e-03  7.5514e-01  ;...
   3.1486e-03  4.5627e+00  6.4423e+00  -1.5165e+01  -7.7031e+00  6.8730e-03  7.5514e-01  ;...
   3.1921e-03  4.5627e+00  6.4423e+00  -1.5165e+01  -7.7031e+00  6.9680e-03  7.5514e-01  ;...
   3.2361e-03  4.5627e+00  6.4423e+00  -1.5165e+01  -7.7031e+00  7.0641e-03  7.5514e-01  ;...
   3.2807e-03  4.5627e+00  6.4423e+00  -1.5165e+01  -7.7031e+00  7.1615e-03  7.5514e-01  ;...
   3.3259e-03  4.5627e+00  6.4423e+00  -1.5165e+01  -7.7031e+00  7.2601e-03  7.5514e-01  ;...
   3.3716e-03  4.5628e+00  6.4423e+00  -1.5165e+01  -7.7031e+00  7.3599e-03  7.5514e-01  ;...
   3.4179e-03  4.5628e+00  6.4423e+00  -1.5165e+01  -7.7031e+00  7.4610e-03  7.5514e-01  ;...
   3.4648e-03  4.5628e+00  6.4423e+00  -1.5165e+01  -7.7031e+00  7.5633e-03  7.5514e-01  ;...
   3.5123e-03  4.5628e+00  6.4423e+00  -1.5165e+01  -7.7031e+00  7.6669e-03  7.5514e-01  ;...
   3.5604e-03  4.5629e+00  6.4423e+00  -1.5165e+01  -7.7031e+00  7.7719e-03  7.5514e-01  ;...
   3.6091e-03  4.5629e+00  6.4423e+00  -1.5165e+01  -7.7031e+00  7.8782e-03  7.5514e-01  ;...
   3.6584e-03  4.5629e+00  6.4423e+00  -1.5165e+01  -7.7031e+00  7.9858e-03  7.5514e-01  ;...
   3.7083e-03  4.5629e+00  6.4423e+00  -1.5165e+01  -7.7031e+00  8.0947e-03  7.5514e-01  ;...
   3.7588e-03  4.5630e+00  6.4423e+00  -1.5165e+01  -7.7031e+00  8.2050e-03  7.5514e-01  ;...
   3.8100e-03  4.5630e+00  6.4423e+00  -1.5165e+01  -7.7030e+00  8.3167e-03  7.5514e-01  ;...
   3.8618e-03  4.5630e+00  6.4423e+00  -1.5165e+01  -7.7030e+00  8.4298e-03  7.5514e-01  ;...
   3.9143e-03  4.5631e+00  6.4423e+00  -1.5165e+01  -7.7030e+00  8.5444e-03  7.5514e-01  ;...
   3.9674e-03  4.5631e+00  6.4423e+00  -1.5165e+01  -7.7030e+00  8.6604e-03  7.5514e-01  ;...
   4.0212e-03  4.5631e+00  6.4423e+00  -1.5165e+01  -7.7030e+00  8.7778e-03  7.5514e-01  ;...
   4.0757e-03  4.5632e+00  6.4423e+00  -1.5165e+01  -7.7030e+00  8.8967e-03  7.5514e-01  ;...
   4.1309e-03  4.5632e+00  6.4423e+00  -1.5165e+01  -7.7030e+00  9.0171e-03  7.5514e-01  ;...
   4.1867e-03  4.5632e+00  6.4423e+00  -1.5165e+01  -7.7030e+00  9.1390e-03  7.5514e-01  ;...
   4.2433e-03  4.5633e+00  6.4423e+00  -1.5165e+01  -7.7030e+00  9.2625e-03  7.5514e-01  ;...
   4.3006e-03  4.5633e+00  6.4423e+00  -1.5165e+01  -7.7030e+00  9.3875e-03  7.5514e-01  ;...
   4.3585e-03  4.5633e+00  6.4423e+00  -1.5165e+01  -7.7030e+00  9.5141e-03  7.5513e-01  ;...
   4.4173e-03  4.5634e+00  6.4423e+00  -1.5165e+01  -7.7030e+00  9.6422e-03  7.5513e-01  ;...
   4.4767e-03  4.5634e+00  6.4423e+00  -1.5165e+01  -7.7030e+00  9.7720e-03  7.5513e-01  ;...
   4.5369e-03  4.5635e+00  6.4423e+00  -1.5165e+01  -7.7030e+00  9.9034e-03  7.5513e-01  ;...
   4.5979e-03  4.5635e+00  6.4423e+00  -1.5165e+01  -7.7030e+00  1.0037e-02  7.5513e-01  ;...
   4.6596e-03  4.5636e+00  6.4423e+00  -1.5165e+01  -7.7030e+00  1.0171e-02  7.5513e-01  ;...
   4.7221e-03  4.5636e+00  6.4423e+00  -1.5165e+01  -7.7030e+00  1.0308e-02  7.5513e-01  ;...
   4.7854e-03  4.5636e+00  6.4423e+00  -1.5165e+01  -7.7030e+00  1.0446e-02  7.5513e-01  ;...
   4.8495e-03  4.5637e+00  6.4423e+00  -1.5165e+01  -7.7030e+00  1.0586e-02  7.5513e-01  ;...
   4.9144e-03  4.5637e+00  6.4423e+00  -1.5165e+01  -7.7030e+00  1.0727e-02  7.5513e-01  ;...
   4.9801e-03  4.5638e+00  6.4423e+00  -1.5165e+01  -7.7030e+00  1.0871e-02  7.5513e-01  ;...
   5.0467e-03  4.5638e+00  6.4423e+00  -1.5165e+01  -7.7030e+00  1.1016e-02  7.5513e-01  ;...
   5.1140e-03  4.5639e+00  6.4423e+00  -1.5165e+01  -7.7030e+00  1.1163e-02  7.5513e-01  ;...
   5.1823e-03  4.5639e+00  6.4423e+00  -1.5165e+01  -7.7030e+00  1.1312e-02  7.5513e-01  ;...
   5.2514e-03  4.5640e+00  6.4423e+00  -1.5165e+01  -7.7030e+00  1.1463e-02  7.5513e-01  ;...
   5.3213e-03  4.5641e+00  6.4423e+00  -1.5165e+01  -7.7030e+00  1.1615e-02  7.5513e-01  ;...
   5.3921e-03  4.5641e+00  6.4423e+00  -1.5165e+01  -7.7030e+00  1.1770e-02  7.5513e-01  ;...
   5.4639e-03  4.5642e+00  6.4423e+00  -1.5165e+01  -7.7030e+00  1.1927e-02  7.5513e-01  ;...
   5.5365e-03  4.5642e+00  6.4423e+00  -1.5165e+01  -7.7030e+00  1.2085e-02  7.5513e-01  ;...
   5.6100e-03  4.5643e+00  6.4423e+00  -1.5165e+01  -7.7030e+00  1.2246e-02  7.5513e-01  ;...
   5.6845e-03  4.5644e+00  6.4423e+00  -1.5165e+01  -7.7030e+00  1.2408e-02  7.5513e-01  ;...
   5.7599e-03  4.5644e+00  6.4423e+00  -1.5165e+01  -7.7030e+00  1.2573e-02  7.5513e-01  ;...
   5.8362e-03  4.5645e+00  6.4423e+00  -1.5165e+01  -7.7030e+00  1.2739e-02  7.5513e-01  ;...
   5.9135e-03  4.5646e+00  6.4423e+00  -1.5165e+01  -7.7030e+00  1.2908e-02  7.5513e-01  ;...
   5.9918e-03  4.5646e+00  6.4423e+00  -1.5165e+01  -7.7029e+00  1.3079e-02  7.5513e-01  ;...
   6.0711e-03  4.5647e+00  6.4423e+00  -1.5165e+01  -7.7029e+00  1.3252e-02  7.5513e-01  ;...
   6.1513e-03  4.5648e+00  6.4423e+00  -1.5165e+01  -7.7029e+00  1.3427e-02  7.5513e-01  ;...
   6.2326e-03  4.5649e+00  6.4423e+00  -1.5165e+01  -7.7029e+00  1.3604e-02  7.5513e-01  ;...
   6.3149e-03  4.5649e+00  6.4423e+00  -1.5165e+01  -7.7029e+00  1.3784e-02  7.5513e-01  ;...
   6.3982e-03  4.5650e+00  6.4423e+00  -1.5165e+01  -7.7029e+00  1.3966e-02  7.5513e-01  ;...
   6.4826e-03  4.5651e+00  6.4423e+00  -1.5165e+01  -7.7029e+00  1.4150e-02  7.5513e-01  ;...
   6.5681e-03  4.5652e+00  6.4423e+00  -1.5165e+01  -7.7029e+00  1.4336e-02  7.5513e-01  ;...
   6.6546e-03  4.5653e+00  6.4423e+00  -1.5165e+01  -7.7029e+00  1.4525e-02  7.5513e-01  ;...
   6.7422e-03  4.5654e+00  6.4423e+00  -1.5165e+01  -7.7029e+00  1.4716e-02  7.5513e-01  ;...
   6.8309e-03  4.5655e+00  6.4423e+00  -1.5165e+01  -7.7029e+00  1.4910e-02  7.5513e-01  ;...
   6.9207e-03  4.5656e+00  6.4423e+00  -1.5165e+01  -7.7029e+00  1.5106e-02  7.5513e-01  ;...
   7.0116e-03  4.5656e+00  6.4423e+00  -1.5165e+01  -7.7029e+00  1.5305e-02  7.5513e-01  ;...
   7.1037e-03  4.5657e+00  6.4422e+00  -1.5165e+01  -7.7029e+00  1.5506e-02  7.5513e-01  ;...
   7.1970e-03  4.5658e+00  6.4422e+00  -1.5165e+01  -7.7029e+00  1.5709e-02  7.5513e-01  ;...
   7.2914e-03  4.5660e+00  6.4422e+00  -1.5165e+01  -7.7029e+00  1.5915e-02  7.5512e-01  ;...
   7.3870e-03  4.5661e+00  6.4422e+00  -1.5165e+01  -7.7029e+00  1.6124e-02  7.5512e-01  ;...
   7.4838e-03  4.5662e+00  6.4422e+00  -1.5165e+01  -7.7028e+00  1.6335e-02  7.5512e-01  ;...
   7.5819e-03  4.5663e+00  6.4422e+00  -1.5165e+01  -7.7028e+00  1.6549e-02  7.5512e-01  ;...
   7.6811e-03  4.5664e+00  6.4422e+00  -1.5165e+01  -7.7028e+00  1.6766e-02  7.5512e-01  ;...
   7.7817e-03  4.5665e+00  6.4422e+00  -1.5165e+01  -7.7028e+00  1.6985e-02  7.5512e-01  ;...
   7.8834e-03  4.5666e+00  6.4422e+00  -1.5165e+01  -7.7028e+00  1.7207e-02  7.5512e-01  ;...
   7.9865e-03  4.5668e+00  6.4422e+00  -1.5165e+01  -7.7028e+00  1.7432e-02  7.5512e-01  ;...
   8.0908e-03  4.5669e+00  6.4422e+00  -1.5165e+01  -7.7028e+00  1.7660e-02  7.5512e-01  ;...
   8.1965e-03  4.5670e+00  6.4422e+00  -1.5165e+01  -7.7028e+00  1.7890e-02  7.5512e-01  ;...
   8.3035e-03  4.5672e+00  6.4422e+00  -1.5165e+01  -7.7028e+00  1.8124e-02  7.5512e-01  ;...
   8.4119e-03  4.5673e+00  6.4422e+00  -1.5165e+01  -7.7028e+00  1.8360e-02  7.5512e-01  ;...
   8.5216e-03  4.5674e+00  6.4422e+00  -1.5165e+01  -7.7028e+00  1.8599e-02  7.5512e-01  ;...
   8.6326e-03  4.5676e+00  6.4422e+00  -1.5165e+01  -7.7028e+00  1.8842e-02  7.5512e-01  ;...
   8.7451e-03  4.5677e+00  6.4422e+00  -1.5165e+01  -7.7028e+00  1.9087e-02  7.5512e-01  ;...
   8.8590e-03  4.5679e+00  6.4422e+00  -1.5165e+01  -7.7027e+00  1.9336e-02  7.5512e-01  ;...
   8.9744e-03  4.5680e+00  6.4422e+00  -1.5165e+01  -7.7027e+00  1.9588e-02  7.5512e-01  ;...
   9.0911e-03  4.5682e+00  6.4422e+00  -1.5165e+01  -7.7027e+00  1.9842e-02  7.5512e-01  ;...
   9.2094e-03  4.5684e+00  6.4422e+00  -1.5165e+01  -7.7027e+00  2.0100e-02  7.5512e-01  ;...
   9.3291e-03  4.5685e+00  6.4422e+00  -1.5165e+01  -7.7027e+00  2.0362e-02  7.5511e-01  ;...
   9.4504e-03  4.5687e+00  6.4422e+00  -1.5165e+01  -7.7027e+00  2.0626e-02  7.5511e-01  ;...
   9.5731e-03  4.5689e+00  6.4422e+00  -1.5165e+01  -7.7027e+00  2.0894e-02  7.5511e-01  ;...
   9.6974e-03  4.5691e+00  6.4422e+00  -1.5165e+01  -7.7027e+00  2.1165e-02  7.5511e-01  ;...
   9.8233e-03  4.5693e+00  6.4422e+00  -1.5165e+01  -7.7027e+00  2.1440e-02  7.5511e-01  ;...
   9.9508e-03  4.5695e+00  6.4422e+00  -1.5165e+01  -7.7026e+00  2.1718e-02  7.5511e-01  ;...
   1.0080e-02  4.5696e+00  6.4422e+00  -1.5165e+01  -7.7026e+00  2.2000e-02  7.5511e-01  ;...
   1.0211e-02  4.5699e+00  6.4422e+00  -1.5164e+01  -7.7026e+00  2.2285e-02  7.5511e-01  ;...
   1.0343e-02  4.5701e+00  6.4422e+00  -1.5164e+01  -7.7026e+00  2.2573e-02  7.5511e-01  ;...
   1.0477e-02  4.5703e+00  6.4422e+00  -1.5164e+01  -7.7026e+00  2.2866e-02  7.5511e-01  ;...
   1.0613e-02  4.5705e+00  6.4422e+00  -1.5164e+01  -7.7026e+00  2.3162e-02  7.5511e-01  ;...
   1.0750e-02  4.5707e+00  6.4422e+00  -1.5164e+01  -7.7026e+00  2.3461e-02  7.5511e-01  ;...
   1.0889e-02  4.5709e+00  6.4422e+00  -1.5164e+01  -7.7025e+00  2.3765e-02  7.5511e-01  ;...
   1.1030e-02  4.5712e+00  6.4422e+00  -1.5164e+01  -7.7025e+00  2.4072e-02  7.5510e-01  ;...
   1.1173e-02  4.5714e+00  6.4422e+00  -1.5164e+01  -7.7025e+00  2.4383e-02  7.5510e-01  ;...
   1.1317e-02  4.5717e+00  6.4422e+00  -1.5164e+01  -7.7025e+00  2.4698e-02  7.5510e-01  ;...
   1.1463e-02  4.5719e+00  6.4422e+00  -1.5164e+01  -7.7025e+00  2.5017e-02  7.5510e-01  ;...
   1.1611e-02  4.5722e+00  6.4422e+00  -1.5164e+01  -7.7025e+00  2.5340e-02  7.5510e-01  ;...
   1.1761e-02  4.5724e+00  6.4422e+00  -1.5164e+01  -7.7025e+00  2.5667e-02  7.5510e-01  ;...
   1.1913e-02  4.5727e+00  6.4422e+00  -1.5164e+01  -7.7024e+00  2.5999e-02  7.5510e-01  ;...
   1.2067e-02  4.5730e+00  6.4422e+00  -1.5164e+01  -7.7024e+00  2.6334e-02  7.5510e-01  ;...
   1.2223e-02  4.5733e+00  6.4422e+00  -1.5164e+01  -7.7024e+00  2.6674e-02  7.5510e-01  ;...
   1.2380e-02  4.5736e+00  6.4422e+00  -1.5164e+01  -7.7024e+00  2.7017e-02  7.5510e-01  ;...
   1.2540e-02  4.5739e+00  6.4422e+00  -1.5164e+01  -7.7024e+00  2.7366e-02  7.5509e-01  ;...
   1.2701e-02  4.5742e+00  6.4422e+00  -1.5164e+01  -7.7023e+00  2.7718e-02  7.5509e-01  ;...
   1.2865e-02  4.5745e+00  6.4422e+00  -1.5164e+01  -7.7023e+00  2.8075e-02  7.5509e-01  ;...
   1.3031e-02  4.5748e+00  6.4422e+00  -1.5164e+01  -7.7023e+00  2.8436e-02  7.5509e-01  ;...
   1.3199e-02  4.5752e+00  6.4422e+00  -1.5164e+01  -7.7023e+00  2.8802e-02  7.5509e-01  ;...
   1.3368e-02  4.5755e+00  6.4422e+00  -1.5164e+01  -7.7023e+00  2.9173e-02  7.5509e-01  ;...
   1.3541e-02  4.5759e+00  6.4421e+00  -1.5164e+01  -7.7022e+00  2.9548e-02  7.5509e-01  ;...
   1.3715e-02  4.5762e+00  6.4421e+00  -1.5164e+01  -7.7022e+00  2.9928e-02  7.5509e-01  ;...
   1.3891e-02  4.5766e+00  6.4421e+00  -1.5164e+01  -7.7022e+00  3.0313e-02  7.5508e-01  ;...
   1.4070e-02  4.5770e+00  6.4421e+00  -1.5164e+01  -7.7022e+00  3.0702e-02  7.5508e-01  ;...
   1.4251e-02  4.5774e+00  6.4421e+00  -1.5164e+01  -7.7021e+00  3.1097e-02  7.5508e-01  ;...
   1.4434e-02  4.5778e+00  6.4421e+00  -1.5164e+01  -7.7021e+00  3.1496e-02  7.5508e-01  ;...
   1.4619e-02  4.5782e+00  6.4421e+00  -1.5164e+01  -7.7021e+00  3.1900e-02  7.5508e-01  ;...
   1.4807e-02  4.5786e+00  6.4421e+00  -1.5164e+01  -7.7021e+00  3.2310e-02  7.5508e-01  ;...
   1.4997e-02  4.5790e+00  6.4421e+00  -1.5164e+01  -7.7020e+00  3.2724e-02  7.5507e-01  ;...
   1.5190e-02  4.5795e+00  6.4421e+00  -1.5164e+01  -7.7020e+00  3.3144e-02  7.5507e-01  ;...
   1.5385e-02  4.5799e+00  6.4421e+00  -1.5164e+01  -7.7020e+00  3.3569e-02  7.5507e-01  ;...
   1.5582e-02  4.5804e+00  6.4421e+00  -1.5164e+01  -7.7020e+00  3.4000e-02  7.5507e-01  ;...
   1.5782e-02  4.5809e+00  6.4421e+00  -1.5164e+01  -7.7019e+00  3.4435e-02  7.5507e-01  ;...
   1.5984e-02  4.5814e+00  6.4421e+00  -1.5164e+01  -7.7019e+00  3.4877e-02  7.5507e-01  ;...
   1.6189e-02  4.5819e+00  6.4421e+00  -1.5164e+01  -7.7019e+00  3.5323e-02  7.5506e-01  ;...
   1.6397e-02  4.5824e+00  6.4421e+00  -1.5164e+01  -7.7018e+00  3.5776e-02  7.5506e-01  ;...
   1.6607e-02  4.5829e+00  6.4421e+00  -1.5164e+01  -7.7018e+00  3.6234e-02  7.5506e-01  ;...
   1.6820e-02  4.5835e+00  6.4421e+00  -1.5164e+01  -7.7018e+00  3.6698e-02  7.5506e-01  ;...
   1.7035e-02  4.5840e+00  6.4421e+00  -1.5164e+01  -7.7017e+00  3.7167e-02  7.5506e-01  ;...
   1.7253e-02  4.5846e+00  6.4421e+00  -1.5164e+01  -7.7017e+00  3.7643e-02  7.5505e-01  ;...
   1.7474e-02  4.5852e+00  6.4421e+00  -1.5164e+01  -7.7017e+00  3.8124e-02  7.5505e-01  ;...
   1.7698e-02  4.5858e+00  6.4420e+00  -1.5163e+01  -7.7016e+00  3.8612e-02  7.5505e-01  ;...
   1.7925e-02  4.5864e+00  6.4420e+00  -1.5163e+01  -7.7016e+00  3.9105e-02  7.5505e-01  ;...
   1.8154e-02  4.5870e+00  6.4420e+00  -1.5163e+01  -7.7015e+00  3.9605e-02  7.5504e-01  ;...
   1.8386e-02  4.5877e+00  6.4420e+00  -1.5163e+01  -7.7015e+00  4.0111e-02  7.5504e-01  ;...
   1.8621e-02  4.5883e+00  6.4420e+00  -1.5163e+01  -7.7015e+00  4.0623e-02  7.5504e-01  ;...
   1.8860e-02  4.5890e+00  6.4420e+00  -1.5163e+01  -7.7014e+00  4.1142e-02  7.5504e-01  ;...
   1.9101e-02  4.5897e+00  6.4420e+00  -1.5163e+01  -7.7014e+00  4.1668e-02  7.5503e-01  ;...
   1.9345e-02  4.5904e+00  6.4420e+00  -1.5163e+01  -7.7013e+00  4.2199e-02  7.5503e-01  ;...
   1.9592e-02  4.5911e+00  6.4420e+00  -1.5163e+01  -7.7013e+00  4.2738e-02  7.5503e-01  ;...
   1.9842e-02  4.5919e+00  6.4420e+00  -1.5163e+01  -7.7012e+00  4.3283e-02  7.5503e-01  ;...
   2.0096e-02  4.5927e+00  6.4420e+00  -1.5163e+01  -7.7012e+00  4.3835e-02  7.5502e-01  ;...
   2.0353e-02  4.5935e+00  6.4420e+00  -1.5163e+01  -7.7011e+00  4.4394e-02  7.5502e-01  ;...
   2.0612e-02  4.5943e+00  6.4420e+00  -1.5163e+01  -7.7011e+00  4.4960e-02  7.5502e-01  ;...
   2.0876e-02  4.5951e+00  6.4420e+00  -1.5163e+01  -7.7010e+00  4.5534e-02  7.5501e-01  ;...
   2.1142e-02  4.5959e+00  6.4419e+00  -1.5163e+01  -7.7010e+00  4.6114e-02  7.5501e-01  ;...
   2.1412e-02  4.5968e+00  6.4419e+00  -1.5163e+01  -7.7009e+00  4.6701e-02  7.5501e-01  ;...
   2.1685e-02  4.5977e+00  6.4419e+00  -1.5163e+01  -7.7009e+00  4.7296e-02  7.5500e-01  ;...
   2.1962e-02  4.5986e+00  6.4419e+00  -1.5163e+01  -7.7008e+00  4.7899e-02  7.5500e-01  ;...
   2.2242e-02  4.5996e+00  6.4419e+00  -1.5163e+01  -7.7007e+00  4.8509e-02  7.5500e-01  ;...
   2.2526e-02  4.6005e+00  6.4419e+00  -1.5163e+01  -7.7007e+00  4.9126e-02  7.5499e-01  ;...
   2.2813e-02  4.6015e+00  6.4419e+00  -1.5162e+01  -7.7006e+00  4.9751e-02  7.5499e-01  ;...
   2.3104e-02  4.6025e+00  6.4419e+00  -1.5162e+01  -7.7006e+00  5.0384e-02  7.5498e-01  ;...
   2.3398e-02  4.6036e+00  6.4419e+00  -1.5162e+01  -7.7005e+00  5.1025e-02  7.5498e-01  ;...
   2.3696e-02  4.6047e+00  6.4419e+00  -1.5162e+01  -7.7004e+00  5.1674e-02  7.5498e-01  ;...
   2.3998e-02  4.6057e+00  6.4418e+00  -1.5162e+01  -7.7004e+00  5.2332e-02  7.5497e-01  ;...
   2.4304e-02  4.6069e+00  6.4418e+00  -1.5162e+01  -7.7003e+00  5.2997e-02  7.5497e-01  ;...
   2.4614e-02  4.6080e+00  6.4418e+00  -1.5162e+01  -7.7002e+00  5.3670e-02  7.5496e-01  ;...
   2.4927e-02  4.6092e+00  6.4418e+00  -1.5162e+01  -7.7001e+00  5.4353e-02  7.5496e-01  ;...
   2.5245e-02  4.6104e+00  6.4418e+00  -1.5162e+01  -7.7001e+00  5.5043e-02  7.5495e-01  ;...
   2.5566e-02  4.6116e+00  6.4418e+00  -1.5162e+01  -7.7000e+00  5.5742e-02  7.5495e-01  ;...
   2.5892e-02  4.6129e+00  6.4418e+00  -1.5162e+01  -7.6999e+00  5.6450e-02  7.5494e-01  ;...
   2.6221e-02  4.6142e+00  6.4418e+00  -1.5162e+01  -7.6998e+00  5.7167e-02  7.5494e-01  ;...
   2.6555e-02  4.6156e+00  6.4418e+00  -1.5162e+01  -7.6997e+00  5.7893e-02  7.5493e-01  ;...
   2.6893e-02  4.6169e+00  6.4417e+00  -1.5162e+01  -7.6997e+00  5.8627e-02  7.5493e-01  ;...
   2.7235e-02  4.6183e+00  6.4417e+00  -1.5161e+01  -7.6996e+00  5.9371e-02  7.5492e-01  ;...
   2.7581e-02  4.6198e+00  6.4417e+00  -1.5161e+01  -7.6995e+00  6.0125e-02  7.5492e-01  ;...
   2.7932e-02  4.6213e+00  6.4417e+00  -1.5161e+01  -7.6994e+00  6.0887e-02  7.5491e-01  ;...
   2.8287e-02  4.6228e+00  6.4417e+00  -1.5161e+01  -7.6993e+00  6.1659e-02  7.5491e-01  ;...
   2.8647e-02  4.6243e+00  6.4417e+00  -1.5161e+01  -7.6992e+00  6.2441e-02  7.5490e-01  ;...
   2.9011e-02  4.6259e+00  6.4416e+00  -1.5161e+01  -7.6991e+00  6.3232e-02  7.5489e-01  ;...
   2.9380e-02  4.6275e+00  6.4416e+00  -1.5161e+01  -7.6990e+00  6.4034e-02  7.5489e-01  ;...
   2.9754e-02  4.6292e+00  6.4416e+00  -1.5161e+01  -7.6989e+00  6.4845e-02  7.5488e-01  ;...
   3.0132e-02  4.6309e+00  6.4416e+00  -1.5161e+01  -7.6988e+00  6.5666e-02  7.5487e-01  ;...
   3.0515e-02  4.6327e+00  6.4416e+00  -1.5161e+01  -7.6987e+00  6.6498e-02  7.5487e-01  ;...
   3.0903e-02  4.6345e+00  6.4416e+00  -1.5160e+01  -7.6986e+00  6.7340e-02  7.5486e-01  ;...
   3.1295e-02  4.6364e+00  6.4415e+00  -1.5160e+01  -7.6984e+00  6.8193e-02  7.5485e-01  ;...
   3.1693e-02  4.6382e+00  6.4415e+00  -1.5160e+01  -7.6983e+00  6.9056e-02  7.5485e-01  ;...
   3.2095e-02  4.6402e+00  6.4415e+00  -1.5160e+01  -7.6982e+00  6.9930e-02  7.5484e-01  ;...
   3.2503e-02  4.6422e+00  6.4415e+00  -1.5160e+01  -7.6981e+00  7.0814e-02  7.5483e-01  ;...
   3.2916e-02  4.6442e+00  6.4415e+00  -1.5160e+01  -7.6979e+00  7.1710e-02  7.5482e-01  ;...
   3.3333e-02  4.6463e+00  6.4414e+00  -1.5160e+01  -7.6978e+00  7.2617e-02  7.5482e-01  ;...
   3.3757e-02  4.6485e+00  6.4414e+00  -1.5160e+01  -7.6977e+00  7.3535e-02  7.5481e-01  ;...
   3.4185e-02  4.6507e+00  6.4414e+00  -1.5159e+01  -7.6975e+00  7.4464e-02  7.5480e-01  ;...
   3.4619e-02  4.6529e+00  6.4414e+00  -1.5159e+01  -7.6974e+00  7.5405e-02  7.5479e-01  ;...
   3.5058e-02  4.6552e+00  6.4413e+00  -1.5159e+01  -7.6973e+00  7.6358e-02  7.5478e-01  ;...
   3.5503e-02  4.6576e+00  6.4413e+00  -1.5159e+01  -7.6971e+00  7.7322e-02  7.5477e-01  ;...
   3.5954e-02  4.6601e+00  6.4413e+00  -1.5159e+01  -7.6970e+00  7.8299e-02  7.5476e-01  ;...
   3.6410e-02  4.6625e+00  6.4413e+00  -1.5159e+01  -7.6968e+00  7.9287e-02  7.5475e-01  ;...
   3.6872e-02  4.6651e+00  6.4412e+00  -1.5158e+01  -7.6966e+00  8.0288e-02  7.5474e-01  ;...
   3.7339e-02  4.6677e+00  6.4412e+00  -1.5158e+01  -7.6965e+00  8.1301e-02  7.5473e-01  ;...
   3.7813e-02  4.6704e+00  6.4412e+00  -1.5158e+01  -7.6963e+00  8.2327e-02  7.5472e-01  ;...
   3.8293e-02  4.6732e+00  6.4412e+00  -1.5158e+01  -7.6961e+00  8.3366e-02  7.5471e-01  ;...
   3.8778e-02  4.6760e+00  6.4411e+00  -1.5158e+01  -7.6960e+00  8.4417e-02  7.5470e-01  ;...
   3.9270e-02  4.6789e+00  6.4411e+00  -1.5158e+01  -7.6958e+00  8.5481e-02  7.5469e-01  ;...
   3.9768e-02  4.6818e+00  6.4411e+00  -1.5157e+01  -7.6956e+00  8.6559e-02  7.5468e-01  ;...
   4.0272e-02  4.6849e+00  6.4410e+00  -1.5157e+01  -7.6954e+00  8.7650e-02  7.5467e-01  ;...
   4.0782e-02  4.6880e+00  6.4410e+00  -1.5157e+01  -7.6952e+00  8.8754e-02  7.5465e-01  ;...
   4.1299e-02  4.6912e+00  6.4410e+00  -1.5157e+01  -7.6950e+00  8.9872e-02  7.5464e-01  ;...
   4.1822e-02  4.6945e+00  6.4409e+00  -1.5157e+01  -7.6948e+00  9.1003e-02  7.5463e-01  ;...
   4.2352e-02  4.6978e+00  6.4409e+00  -1.5156e+01  -7.6946e+00  9.2149e-02  7.5462e-01  ;...
   4.2889e-02  4.7013e+00  6.4409e+00  -1.5156e+01  -7.6944e+00  9.3309e-02  7.5460e-01  ;...
   4.3432e-02  4.7048e+00  6.4408e+00  -1.5156e+01  -7.6942e+00  9.4483e-02  7.5459e-01  ;...
   4.3983e-02  4.7084e+00  6.4408e+00  -1.5156e+01  -7.6939e+00  9.5671e-02  7.5457e-01  ;...
   4.4540e-02  4.7121e+00  6.4408e+00  -1.5155e+01  -7.6937e+00  9.6874e-02  7.5456e-01  ;...
   4.5104e-02  4.7159e+00  6.4407e+00  -1.5155e+01  -7.6935e+00  9.8092e-02  7.5455e-01  ;...
   4.5675e-02  4.7198e+00  6.4407e+00  -1.5155e+01  -7.6932e+00  9.9325e-02  7.5453e-01  ;...
   4.6254e-02  4.7238e+00  6.4406e+00  -1.5155e+01  -7.6930e+00  1.0057e-01  7.5451e-01  ;...
   4.6839e-02  4.7279e+00  6.4406e+00  -1.5154e+01  -7.6927e+00  1.0184e-01  7.5450e-01  ;...
   4.7432e-02  4.7321e+00  6.4406e+00  -1.5154e+01  -7.6925e+00  1.0312e-01  7.5448e-01  ;...
   4.8033e-02  4.7364e+00  6.4405e+00  -1.5154e+01  -7.6922e+00  1.0441e-01  7.5447e-01  ;...
   4.8641e-02  4.7408e+00  6.4405e+00  -1.5154e+01  -7.6919e+00  1.0572e-01  7.5445e-01  ;...
   4.9257e-02  4.7453e+00  6.4404e+00  -1.5153e+01  -7.6917e+00  1.0705e-01  7.5443e-01  ;...
   4.9880e-02  4.7500e+00  6.4404e+00  -1.5153e+01  -7.6914e+00  1.0839e-01  7.5441e-01  ;...
   5.0511e-02  4.7547e+00  6.4403e+00  -1.5153e+01  -7.6911e+00  1.0975e-01  7.5439e-01  ;...
   5.1151e-02  4.7596e+00  6.4403e+00  -1.5152e+01  -7.6908e+00  1.1112e-01  7.5438e-01  ;...
   5.1798e-02  4.7645e+00  6.4402e+00  -1.5152e+01  -7.6905e+00  1.1252e-01  7.5436e-01  ;...
   5.2453e-02  4.7696e+00  6.4402e+00  -1.5152e+01  -7.6902e+00  1.1393e-01  7.5434e-01  ;...
   5.3117e-02  4.7749e+00  6.4401e+00  -1.5151e+01  -7.6898e+00  1.1535e-01  7.5432e-01  ;...
   5.3789e-02  4.7802e+00  6.4401e+00  -1.5151e+01  -7.6895e+00  1.1680e-01  7.5429e-01  ;...
   5.4470e-02  4.7857e+00  6.4400e+00  -1.5151e+01  -7.6892e+00  1.1826e-01  7.5427e-01  ;...
   5.5159e-02  4.7914e+00  6.4399e+00  -1.5150e+01  -7.6888e+00  1.1974e-01  7.5425e-01  ;...
   5.5856e-02  4.7971e+00  6.4399e+00  -1.5150e+01  -7.6885e+00  1.2124e-01  7.5423e-01  ;...
   5.6563e-02  4.8031e+00  6.4398e+00  -1.5150e+01  -7.6881e+00  1.2275e-01  7.5420e-01  ;...
   5.7278e-02  4.8091e+00  6.4398e+00  -1.5149e+01  -7.6877e+00  1.2428e-01  7.5418e-01  ;...
   5.8002e-02  4.8153e+00  6.4397e+00  -1.5149e+01  -7.6873e+00  1.2584e-01  7.5416e-01  ;...
   5.8736e-02  4.8217e+00  6.4396e+00  -1.5148e+01  -7.6870e+00  1.2741e-01  7.5413e-01  ;...
   5.9479e-02  4.8282e+00  6.4396e+00  -1.5148e+01  -7.6866e+00  1.2900e-01  7.5411e-01  ;...
   6.0231e-02  4.8349e+00  6.4395e+00  -1.5147e+01  -7.6861e+00  1.3061e-01  7.5408e-01  ;...
   6.0992e-02  4.8418e+00  6.4394e+00  -1.5147e+01  -7.6857e+00  1.3224e-01  7.5405e-01  ;...
   6.1763e-02  4.8488e+00  6.4393e+00  -1.5147e+01  -7.6853e+00  1.3389e-01  7.5402e-01  ;...
   6.2544e-02  4.8560e+00  6.4393e+00  -1.5146e+01  -7.6849e+00  1.3555e-01  7.5400e-01  ;...
   6.3335e-02  4.8633e+00  6.4392e+00  -1.5146e+01  -7.6844e+00  1.3724e-01  7.5397e-01  ;...
   6.4135e-02  4.8709e+00  6.4391e+00  -1.5145e+01  -7.6839e+00  1.3895e-01  7.5394e-01  ;...
   6.4946e-02  4.8786e+00  6.4390e+00  -1.5145e+01  -7.6835e+00  1.4068e-01  7.5391e-01  ;...
   6.5767e-02  4.8865e+00  6.4389e+00  -1.5144e+01  -7.6830e+00  1.4243e-01  7.5388e-01  ;...
   6.6598e-02  4.8946e+00  6.4388e+00  -1.5144e+01  -7.6825e+00  1.4420e-01  7.5384e-01  ;...
   6.7439e-02  4.9030e+00  6.4388e+00  -1.5143e+01  -7.6820e+00  1.4599e-01  7.5381e-01  ;...
   6.8292e-02  4.9115e+00  6.4387e+00  -1.5142e+01  -7.6815e+00  1.4781e-01  7.5378e-01  ;...
   6.9155e-02  4.9202e+00  6.4386e+00  -1.5142e+01  -7.6809e+00  1.4964e-01  7.5374e-01  ;...
   7.0028e-02  4.9291e+00  6.4385e+00  -1.5141e+01  -7.6804e+00  1.5150e-01  7.5371e-01  ;...
   7.0913e-02  4.9383e+00  6.4384e+00  -1.5141e+01  -7.6798e+00  1.5338e-01  7.5367e-01  ;...
   7.1809e-02  4.9477e+00  6.4383e+00  -1.5140e+01  -7.6793e+00  1.5528e-01  7.5363e-01  ;...
   7.2716e-02  4.9573e+00  6.4382e+00  -1.5139e+01  -7.6787e+00  1.5720e-01  7.5359e-01  ;...
   7.3635e-02  4.9671e+00  6.4381e+00  -1.5139e+01  -7.6781e+00  1.5915e-01  7.5356e-01  ;...
   7.4565e-02  4.9772e+00  6.4379e+00  -1.5138e+01  -7.6775e+00  1.6112e-01  7.5351e-01  ;...
   7.5506e-02  4.9876e+00  6.4378e+00  -1.5137e+01  -7.6769e+00  1.6311e-01  7.5347e-01  ;...
   7.6460e-02  4.9981e+00  6.4377e+00  -1.5137e+01  -7.6762e+00  1.6513e-01  7.5343e-01  ;...
   7.7426e-02  5.0090e+00  6.4376e+00  -1.5136e+01  -7.6756e+00  1.6717e-01  7.5339e-01  ;...
   7.8404e-02  5.0201e+00  6.4375e+00  -1.5135e+01  -7.6749e+00  1.6923e-01  7.5334e-01  ;...
   7.9394e-02  5.0314e+00  6.4373e+00  -1.5134e+01  -7.6742e+00  1.7132e-01  7.5330e-01  ;...
   8.0396e-02  5.0431e+00  6.4372e+00  -1.5134e+01  -7.6735e+00  1.7343e-01  7.5325e-01  ;...
   8.1411e-02  5.0550e+00  6.4371e+00  -1.5133e+01  -7.6728e+00  1.7557e-01  7.5320e-01  ;...
   8.2439e-02  5.0672e+00  6.4369e+00  -1.5132e+01  -7.6721e+00  1.7773e-01  7.5315e-01  ;...
   8.3480e-02  5.0797e+00  6.4368e+00  -1.5131e+01  -7.6713e+00  1.7992e-01  7.5310e-01  ;...
   8.4534e-02  5.0925e+00  6.4367e+00  -1.5130e+01  -7.6705e+00  1.8213e-01  7.5305e-01  ;...
   8.5601e-02  5.1056e+00  6.4365e+00  -1.5129e+01  -7.6698e+00  1.8437e-01  7.5300e-01  ;...
   8.6682e-02  5.1190e+00  6.4364e+00  -1.5129e+01  -7.6690e+00  1.8663e-01  7.5294e-01  ;...
   8.7776e-02  5.1327e+00  6.4362e+00  -1.5128e+01  -7.6681e+00  1.8892e-01  7.5289e-01  ;...
   8.8884e-02  5.1468e+00  6.4360e+00  -1.5127e+01  -7.6673e+00  1.9124e-01  7.5283e-01  ;...
   9.0006e-02  5.1612e+00  6.4359e+00  -1.5126e+01  -7.6664e+00  1.9358e-01  7.5277e-01  ;...
   9.1142e-02  5.1759e+00  6.4357e+00  -1.5125e+01  -7.6656e+00  1.9595e-01  7.5271e-01  ;...
   9.2292e-02  5.1910e+00  6.4355e+00  -1.5124e+01  -7.6647e+00  1.9834e-01  7.5265e-01  ;...
   9.3457e-02  5.2065e+00  6.4354e+00  -1.5122e+01  -7.6638e+00  2.0077e-01  7.5259e-01  ;...
   9.4637e-02  5.2223e+00  6.4352e+00  -1.5121e+01  -7.6628e+00  2.0322e-01  7.5252e-01  ;...
   9.5831e-02  5.2384e+00  6.4350e+00  -1.5120e+01  -7.6619e+00  2.0570e-01  7.5246e-01  ;...
   9.7040e-02  5.2550e+00  6.4348e+00  -1.5119e+01  -7.6609e+00  2.0820e-01  7.5239e-01  ;...
   9.8265e-02  5.2720e+00  6.4346e+00  -1.5118e+01  -7.6599e+00  2.1074e-01  7.5232e-01  ;...
   9.9505e-02  5.2893e+00  6.4344e+00  -1.5117e+01  -7.6589e+00  2.1330e-01  7.5225e-01  ;...
   1.0076e-01  5.3071e+00  6.4342e+00  -1.5115e+01  -7.6578e+00  2.1589e-01  7.5217e-01  ;...
   1.0203e-01  5.3252e+00  6.4340e+00  -1.5114e+01  -7.6568e+00  2.1851e-01  7.5210e-01  ;...
   1.0332e-01  5.3438e+00  6.4337e+00  -1.5113e+01  -7.6557e+00  2.2116e-01  7.5202e-01  ;...
   1.0462e-01  5.3628e+00  6.4335e+00  -1.5112e+01  -7.6546e+00  2.2384e-01  7.5194e-01  ;...
   1.0594e-01  5.3823e+00  6.4333e+00  -1.5110e+01  -7.6534e+00  2.2655e-01  7.5186e-01  ;...
   1.0728e-01  5.4022e+00  6.4330e+00  -1.5109e+01  -7.6523e+00  2.2928e-01  7.5178e-01  ;...
   1.0863e-01  5.4226e+00  6.4328e+00  -1.5107e+01  -7.6511e+00  2.3205e-01  7.5169e-01  ;...
   1.1000e-01  5.4434e+00  6.4325e+00  -1.5106e+01  -7.6499e+00  2.3485e-01  7.5161e-01  ;...
   1.1139e-01  5.4647e+00  6.4323e+00  -1.5104e+01  -7.6486e+00  2.3768e-01  7.5152e-01  ;...
   1.1279e-01  5.4865e+00  6.4320e+00  -1.5103e+01  -7.6474e+00  2.4053e-01  7.5142e-01  ;...
   1.1422e-01  5.5088e+00  6.4317e+00  -1.5101e+01  -7.6461e+00  2.4342e-01  7.5133e-01  ;...
   1.1566e-01  5.5316e+00  6.4315e+00  -1.5099e+01  -7.6448e+00  2.4634e-01  7.5123e-01  ;...
   1.1712e-01  5.5549e+00  6.4312e+00  -1.5098e+01  -7.6434e+00  2.4929e-01  7.5113e-01  ;...
   1.1859e-01  5.5787e+00  6.4309e+00  -1.5096e+01  -7.6421e+00  2.5228e-01  7.5103e-01  ;...
   1.2009e-01  5.6031e+00  6.4306e+00  -1.5094e+01  -7.6407e+00  2.5529e-01  7.5093e-01  ;...
   1.2160e-01  5.6280e+00  6.4302e+00  -1.5092e+01  -7.6392e+00  2.5833e-01  7.5082e-01  ;...
   1.2314e-01  5.6535e+00  6.4299e+00  -1.5090e+01  -7.6378e+00  2.6141e-01  7.5071e-01  ;...
   1.2469e-01  5.6796e+00  6.4296e+00  -1.5088e+01  -7.6363e+00  2.6452e-01  7.5060e-01  ;...
   1.2626e-01  5.7062e+00  6.4292e+00  -1.5086e+01  -7.6348e+00  2.6766e-01  7.5048e-01  ;...
   1.2785e-01  5.7334e+00  6.4289e+00  -1.5084e+01  -7.6332e+00  2.7083e-01  7.5037e-01  ;...
   1.2947e-01  5.7612e+00  6.4285e+00  -1.5082e+01  -7.6317e+00  2.7404e-01  7.5025e-01  ;...
   1.3110e-01  5.7896e+00  6.4281e+00  -1.5080e+01  -7.6301e+00  2.7727e-01  7.5012e-01  ;...
   1.3275e-01  5.8187e+00  6.4277e+00  -1.5078e+01  -7.6284e+00  2.8054e-01  7.4999e-01  ;...
   1.3443e-01  5.8483e+00  6.4273e+00  -1.5075e+01  -7.6268e+00  2.8385e-01  7.4986e-01  ;...
   1.3612e-01  5.8786e+00  6.4269e+00  -1.5073e+01  -7.6251e+00  2.8718e-01  7.4973e-01  ;...
   1.3784e-01  5.9096e+00  6.4265e+00  -1.5070e+01  -7.6233e+00  2.9055e-01  7.4959e-01  ;...
   1.3957e-01  5.9412e+00  6.4261e+00  -1.5068e+01  -7.6215e+00  2.9395e-01  7.4945e-01  ;...
   1.4133e-01  5.9735e+00  6.4256e+00  -1.5065e+01  -7.6197e+00  2.9738e-01  7.4931e-01  ;...
   1.4312e-01  6.0065e+00  6.4252e+00  -1.5063e+01  -7.6179e+00  3.0085e-01  7.4916e-01  ;...
   1.4492e-01  6.0402e+00  6.4247e+00  -1.5060e+01  -7.6160e+00  3.0435e-01  7.4901e-01  ;...
   1.4675e-01  6.0745e+00  6.4242e+00  -1.5057e+01  -7.6141e+00  3.0788e-01  7.4885e-01  ;...
   1.4860e-01  6.1096e+00  6.4237e+00  -1.5054e+01  -7.6122e+00  3.1145e-01  7.4870e-01  ;...
   1.5047e-01  6.1455e+00  6.4232e+00  -1.5051e+01  -7.6102e+00  3.1505e-01  7.4853e-01  ;...
   1.5237e-01  6.1820e+00  6.4227e+00  -1.5048e+01  -7.6082e+00  3.1868e-01  7.4837e-01  ;...
   1.5429e-01  6.2193e+00  6.4221e+00  -1.5045e+01  -7.6061e+00  3.2235e-01  7.4819e-01  ;...
   1.5623e-01  6.2574e+00  6.4216e+00  -1.5042e+01  -7.6041e+00  3.2604e-01  7.4802e-01  ;...
   1.5820e-01  6.2962e+00  6.4210e+00  -1.5038e+01  -7.6019e+00  3.2977e-01  7.4784e-01  ;...
   1.6019e-01  6.3358e+00  6.4204e+00  -1.5035e+01  -7.5998e+00  3.3354e-01  7.4765e-01  ;...
   1.6221e-01  6.3762e+00  6.4198e+00  -1.5031e+01  -7.5976e+00  3.3733e-01  7.4746e-01  ;...
   1.6426e-01  6.4175e+00  6.4191e+00  -1.5028e+01  -7.5953e+00  3.4116e-01  7.4727e-01  ;...
   1.6633e-01  6.4595e+00  6.4185e+00  -1.5024e+01  -7.5930e+00  3.4502e-01  7.4707e-01  ;...
   1.6842e-01  6.5023e+00  6.4178e+00  -1.5020e+01  -7.5907e+00  3.4892e-01  7.4687e-01  ;...
   1.7054e-01  6.5459e+00  6.4171e+00  -1.5016e+01  -7.5884e+00  3.5284e-01  7.4666e-01  ;...
   1.7269e-01  6.5904e+00  6.4164e+00  -1.5012e+01  -7.5860e+00  3.5680e-01  7.4644e-01  ;...
   1.7487e-01  6.6358e+00  6.4157e+00  -1.5008e+01  -7.5835e+00  3.6079e-01  7.4622e-01  ;...
   1.7707e-01  6.6820e+00  6.4149e+00  -1.5004e+01  -7.5811e+00  3.6481e-01  7.4600e-01  ;...
   1.7930e-01  6.7290e+00  6.4141e+00  -1.4999e+01  -7.5785e+00  3.6886e-01  7.4576e-01  ;...
   1.8156e-01  6.7769e+00  6.4133e+00  -1.4994e+01  -7.5760e+00  3.7294e-01  7.4553e-01  ;...
   1.8385e-01  6.8257e+00  6.4125e+00  -1.4990e+01  -7.5734e+00  3.7705e-01  7.4528e-01  ;...
   1.8617e-01  6.8753e+00  6.4116e+00  -1.4985e+01  -7.5707e+00  3.8120e-01  7.4504e-01  ;...
   1.8851e-01  6.9259e+00  6.4108e+00  -1.4980e+01  -7.5681e+00  3.8537e-01  7.4478e-01  ;...
   1.9089e-01  6.9773e+00  6.4098e+00  -1.4974e+01  -7.5653e+00  3.8957e-01  7.4452e-01  ;...
   1.9329e-01  7.0296e+00  6.4089e+00  -1.4969e+01  -7.5626e+00  3.9380e-01  7.4425e-01  ;...
   1.9573e-01  7.0828e+00  6.4079e+00  -1.4963e+01  -7.5598e+00  3.9806e-01  7.4397e-01  ;...
   1.9820e-01  7.1370e+00  6.4069e+00  -1.4958e+01  -7.5569e+00  4.0234e-01  7.4369e-01  ;...
   2.0069e-01  7.1920e+00  6.4059e+00  -1.4952e+01  -7.5540e+00  4.0666e-01  7.4340e-01  ;...
   2.0322e-01  7.2479e+00  6.4049e+00  -1.4946e+01  -7.5511e+00  4.1100e-01  7.4311e-01  ;...
   2.0578e-01  7.3047e+00  6.4038e+00  -1.4939e+01  -7.5481e+00  4.1536e-01  7.4280e-01  ;...
   2.0837e-01  7.3625e+00  6.4026e+00  -1.4933e+01  -7.5451e+00  4.1975e-01  7.4249e-01  ;...
   2.1100e-01  7.4211e+00  6.4015e+00  -1.4926e+01  -7.5420e+00  4.2417e-01  7.4217e-01  ;...
   2.1366e-01  7.4806e+00  6.4003e+00  -1.4919e+01  -7.5389e+00  4.2861e-01  7.4184e-01  ;...
   2.1635e-01  7.5411e+00  6.3990e+00  -1.4912e+01  -7.5358e+00  4.3307e-01  7.4151e-01  ;...
   2.1907e-01  7.6024e+00  6.3977e+00  -1.4904e+01  -7.5326e+00  4.3755e-01  7.4116e-01  ;...
   2.2183e-01  7.6646e+00  6.3964e+00  -1.4897e+01  -7.5294e+00  4.4206e-01  7.4081e-01  ;...
   2.2463e-01  7.7276e+00  6.3951e+00  -1.4889e+01  -7.5261e+00  4.4658e-01  7.4045e-01  ;...
   2.2746e-01  7.7916e+00  6.3937e+00  -1.4880e+01  -7.5228e+00  4.5112e-01  7.4008e-01  ;...
   2.3032e-01  7.8564e+00  6.3922e+00  -1.4872e+01  -7.5195e+00  4.5569e-01  7.3970e-01  ;...
   2.3322e-01  7.9220e+00  6.3907e+00  -1.4863e+01  -7.5161e+00  4.6026e-01  7.3931e-01  ;...
   2.3616e-01  7.9885e+00  6.3892e+00  -1.4854e+01  -7.5126e+00  4.6486e-01  7.3891e-01  ;...
   2.3913e-01  8.0558e+00  6.3876e+00  -1.4845e+01  -7.5092e+00  4.6947e-01  7.3850e-01  ;...
   2.4214e-01  8.1239e+00  6.3859e+00  -1.4835e+01  -7.5056e+00  4.7409e-01  7.3808e-01  ;...
   2.4519e-01  8.1928e+00  6.3842e+00  -1.4825e+01  -7.5021e+00  4.7872e-01  7.3764e-01  ;...
   2.4828e-01  8.2625e+00  6.3825e+00  -1.4815e+01  -7.4985e+00  4.8337e-01  7.3720e-01  ;...
   2.5141e-01  8.3329e+00  6.3806e+00  -1.4804e+01  -7.4949e+00  4.8802e-01  7.3675e-01  ;...
   2.5458e-01  8.4040e+00  6.3788e+00  -1.4793e+01  -7.4912e+00  4.9268e-01  7.3629e-01  ;...
   2.5778e-01  8.4758e+00  6.3768e+00  -1.4781e+01  -7.4875e+00  4.9735e-01  7.3581e-01  ;...
   2.6103e-01  8.5482e+00  6.3748e+00  -1.4769e+01  -7.4837e+00  5.0202e-01  7.3532e-01  ;...
   2.6432e-01  8.6213e+00  6.3728e+00  -1.4757e+01  -7.4799e+00  5.0669e-01  7.3482e-01  ;...
   2.6764e-01  8.6950e+00  6.3706e+00  -1.4744e+01  -7.4761e+00  5.1136e-01  7.3431e-01  ;...
   2.7101e-01  8.7692e+00  6.3684e+00  -1.4731e+01  -7.4723e+00  5.1603e-01  7.3378e-01  ;...
   2.7443e-01  8.8440e+00  6.3662e+00  -1.4717e+01  -7.4684e+00  5.2070e-01  7.3324e-01  ;...
   2.7788e-01  8.9192e+00  6.3638e+00  -1.4703e+01  -7.4644e+00  5.2537e-01  7.3269e-01  ;...
   2.8138e-01  8.9949e+00  6.3614e+00  -1.4688e+01  -7.4605e+00  5.3002e-01  7.3212e-01  ;...
   2.8493e-01  9.0710e+00  6.3589e+00  -1.4673e+01  -7.4565e+00  5.3467e-01  7.3154e-01  ;...
   2.8851e-01  9.1474e+00  6.3563e+00  -1.4657e+01  -7.4525e+00  5.3930e-01  7.3095e-01  ;...
   2.9215e-01  9.2241e+00  6.3536e+00  -1.4640e+01  -7.4484e+00  5.4392e-01  7.3033e-01  ;...
   2.9582e-01  9.3010e+00  6.3508e+00  -1.4623e+01  -7.4443e+00  5.4852e-01  7.2971e-01  ;...
   2.9955e-01  9.3780e+00  6.3480e+00  -1.4606e+01  -7.4402e+00  5.5310e-01  7.2907e-01  ;...
   3.0332e-01  9.4552e+00  6.3450e+00  -1.4587e+01  -7.4361e+00  5.5766e-01  7.2841e-01  ;...
   3.0714e-01  9.5325e+00  6.3419e+00  -1.4568e+01  -7.4319e+00  5.6220e-01  7.2773e-01  ;...
   3.1101e-01  9.6097e+00  6.3388e+00  -1.4549e+01  -7.4277e+00  5.6670e-01  7.2704e-01  ;...
   3.1492e-01  9.6867e+00  6.3355e+00  -1.4528e+01  -7.4235e+00  5.7118e-01  7.2633e-01  ;...
   3.1889e-01  9.7637e+00  6.3322e+00  -1.4507e+01  -7.4192e+00  5.7562e-01  7.2560e-01  ;...
   3.2290e-01  9.8403e+00  6.3287e+00  -1.4485e+01  -7.4150e+00  5.8003e-01  7.2486e-01  ;...
   3.2697e-01  9.9166e+00  6.3251e+00  -1.4462e+01  -7.4107e+00  5.8439e-01  7.2409e-01  ;...
   3.3109e-01  9.9925e+00  6.3214e+00  -1.4439e+01  -7.4064e+00  5.8872e-01  7.2331e-01  ;...
   3.3525e-01  1.0068e+01  6.3175e+00  -1.4414e+01  -7.4020e+00  5.9299e-01  7.2250e-01  ;...
   3.3948e-01  1.0143e+01  6.3135e+00  -1.4389e+01  -7.3977e+00  5.9722e-01  7.2168e-01  ;...
   3.4375e-01  1.0217e+01  6.3094e+00  -1.4362e+01  -7.3933e+00  6.0139e-01  7.2083e-01  ;...
   3.4808e-01  1.0290e+01  6.3052e+00  -1.4335e+01  -7.3890e+00  6.0550e-01  7.1996e-01  ;...
   3.5246e-01  1.0362e+01  6.3008e+00  -1.4307e+01  -7.3846e+00  6.0956e-01  7.1908e-01  ;...
   3.5690e-01  1.0433e+01  6.2963e+00  -1.4277e+01  -7.3802e+00  6.1355e-01  7.1816e-01  ;...
   3.6139e-01  1.0503e+01  6.2916e+00  -1.4247e+01  -7.3757e+00  6.1746e-01  7.1723e-01  ;...
   3.6594e-01  1.0572e+01  6.2868e+00  -1.4215e+01  -7.3713e+00  6.2131e-01  7.1627e-01  ;...
   3.7055e-01  1.0640e+01  6.2818e+00  -1.4182e+01  -7.3669e+00  6.2508e-01  7.1529e-01  ;...
   3.7521e-01  1.0706e+01  6.2766e+00  -1.4148e+01  -7.3625e+00  6.2877e-01  7.1428e-01  ;...
   3.7993e-01  1.0770e+01  6.2713e+00  -1.4113e+01  -7.3580e+00  6.3237e-01  7.1324e-01  ;...
   3.8472e-01  1.0833e+01  6.2658e+00  -1.4077e+01  -7.3536e+00  6.3588e-01  7.1218e-01  ;...
   3.8956e-01  1.0893e+01  6.2601e+00  -1.4039e+01  -7.3491e+00  6.3930e-01  7.1109e-01  ;...
   3.9446e-01  1.0952e+01  6.2542e+00  -1.3999e+01  -7.3447e+00  6.4262e-01  7.0998e-01  ;...
   3.9943e-01  1.1008e+01  6.2482e+00  -1.3959e+01  -7.3402e+00  6.4584e-01  7.0883e-01  ;...
   4.0446e-01  1.1062e+01  6.2419e+00  -1.3916e+01  -7.3357e+00  6.4894e-01  7.0766e-01  ;...
   4.0955e-01  1.1114e+01  6.2354e+00  -1.3873e+01  -7.3313e+00  6.5194e-01  7.0645e-01  ;...
   4.1470e-01  1.1163e+01  6.2288e+00  -1.3827e+01  -7.3268e+00  6.5482e-01  7.0522e-01  ;...
   4.1993e-01  1.1209e+01  6.2219e+00  -1.3780e+01  -7.3224e+00  6.5757e-01  7.0395e-01  ;...
   4.2521e-01  1.1253e+01  6.2147e+00  -1.3732e+01  -7.3179e+00  6.6020e-01  7.0265e-01  ;...
   4.3056e-01  1.1293e+01  6.2074e+00  -1.3681e+01  -7.3135e+00  6.6269e-01  7.0132e-01  ;...
   4.3598e-01  1.1330e+01  6.1998e+00  -1.3629e+01  -7.3091e+00  6.6505e-01  6.9995e-01  ;...
   4.4147e-01  1.1364e+01  6.1920e+00  -1.3575e+01  -7.3046e+00  6.6727e-01  6.9855e-01  ;...
   4.4703e-01  1.1394e+01  6.1840e+00  -1.3519e+01  -7.3002e+00  6.6934e-01  6.9711e-01  ;...
   4.5265e-01  1.1421e+01  6.1756e+00  -1.3461e+01  -7.2958e+00  6.7126e-01  6.9563e-01  ;...
   4.5835e-01  1.1444e+01  6.1671e+00  -1.3401e+01  -7.2913e+00  6.7302e-01  6.9412e-01  ;...
   4.6412e-01  1.1463e+01  6.1582e+00  -1.3339e+01  -7.2869e+00  6.7462e-01  6.9256e-01  ;...
   4.6996e-01  1.1477e+01  6.1491e+00  -1.3275e+01  -7.2825e+00  6.7606e-01  6.9096e-01  ;...
   4.7588e-01  1.1488e+01  6.1397e+00  -1.3209e+01  -7.2781e+00  6.7732e-01  6.8933e-01  ;...
   4.8187e-01  1.1494e+01  6.1300e+00  -1.3140e+01  -7.2736e+00  6.7841e-01  6.8765e-01  ;...
   4.8793e-01  1.1496e+01  6.1200e+00  -1.3070e+01  -7.2692e+00  6.7932e-01  6.8592e-01  ;...
   4.9407e-01  1.1493e+01  6.1098e+00  -1.2996e+01  -7.2648e+00  6.8005e-01  6.8415e-01  ;...
   5.0029e-01  1.1486e+01  6.0992e+00  -1.2921e+01  -7.2603e+00  6.8058e-01  6.8234e-01  ;...
   5.0659e-01  1.1473e+01  6.0883e+00  -1.2843e+01  -7.2558e+00  6.8092e-01  6.8048e-01  ;...
   5.1297e-01  1.1456e+01  6.0770e+00  -1.2763e+01  -7.2513e+00  6.8107e-01  6.7856e-01  ;...
   5.1942e-01  1.1433e+01  6.0655e+00  -1.2680e+01  -7.2468e+00  6.8101e-01  6.7660e-01  ;...
   5.2596e-01  1.1405e+01  6.0536e+00  -1.2595e+01  -7.2422e+00  6.8075e-01  6.7459e-01  ;...
   5.3258e-01  1.1372e+01  6.0414e+00  -1.2507e+01  -7.2376e+00  6.8028e-01  6.7252e-01  ;...
   5.3928e-01  1.1334e+01  6.0288e+00  -1.2416e+01  -7.2329e+00  6.7960e-01  6.7040e-01  ;...
   5.4607e-01  1.1290e+01  6.0158e+00  -1.2323e+01  -7.2282e+00  6.7870e-01  6.6822e-01  ;...
   5.5294e-01  1.1241e+01  6.0025e+00  -1.2227e+01  -7.2234e+00  6.7759e-01  6.6598e-01  ;...
   5.5990e-01  1.1186e+01  5.9889e+00  -1.2128e+01  -7.2186e+00  6.7625e-01  6.6369e-01  ;...
   5.6695e-01  1.1126e+01  5.9748e+00  -1.2027e+01  -7.2136e+00  6.7469e-01  6.6133e-01  ;...
   5.7408e-01  1.1060e+01  5.9604e+00  -1.1923e+01  -7.2085e+00  6.7291e-01  6.5891e-01  ;...
   5.8131e-01  1.0989e+01  5.9456e+00  -1.1816e+01  -7.2033e+00  6.7089e-01  6.5643e-01  ;...
   5.8862e-01  1.0912e+01  5.9304e+00  -1.1706e+01  -7.1980e+00  6.6866e-01  6.5388e-01  ;...
   5.9603e-01  1.0829e+01  5.9147e+00  -1.1594e+01  -7.1925e+00  6.6619e-01  6.5126e-01  ;...
   6.0353e-01  1.0741e+01  5.8987e+00  -1.1478e+01  -7.1868e+00  6.6349e-01  6.4857e-01  ;...
   6.1113e-01  1.0648e+01  5.8823e+00  -1.1360e+01  -7.1810e+00  6.6056e-01  6.4581e-01  ;...
   6.1882e-01  1.0549e+01  5.8655e+00  -1.1239e+01  -7.1749e+00  6.5740e-01  6.4298e-01  ;...
   6.2661e-01  1.0444e+01  5.8482e+00  -1.1116e+01  -7.1686e+00  6.5402e-01  6.4008e-01  ;...
   6.3449e-01  1.0335e+01  5.8306e+00  -1.0990e+01  -7.1619e+00  6.5040e-01  6.3709e-01  ;...
   6.4248e-01  1.0220e+01  5.8125e+00  -1.0861e+01  -7.1550e+00  6.4656e-01  6.3403e-01  ;...
   6.5056e-01  1.0101e+01  5.7939e+00  -1.0729e+01  -7.1478e+00  6.4249e-01  6.3088e-01  ;...
   6.5875e-01  9.9761e+00  5.7750e+00  -1.0595e+01  -7.1401e+00  6.3821e-01  6.2765e-01  ;...
   6.6704e-01  9.8468e+00  5.7556e+00  -1.0459e+01  -7.1321e+00  6.3370e-01  6.2434e-01  ;...
   6.7543e-01  9.7130e+00  5.7357e+00  -1.0320e+01  -7.1236e+00  6.2897e-01  6.2094e-01  ;...
   6.8393e-01  9.5748e+00  5.7154e+00  -1.0179e+01  -7.1146e+00  6.2404e-01  6.1745e-01  ;...
   6.9254e-01  9.4324e+00  5.6947e+00  -1.0035e+01  -7.1051e+00  6.1890e-01  6.1386e-01  ;...
   7.0126e-01  9.2860e+00  5.6735e+00  -9.8897e+00  -7.0950e+00  6.1355e-01  6.1019e-01  ;...
   7.1008e-01  9.1359e+00  5.6519e+00  -9.7422e+00  -7.0842e+00  6.0801e-01  6.0641e-01  ;...
   7.1902e-01  8.9822e+00  5.6298e+00  -9.5930e+00  -7.0728e+00  6.0228e-01  6.0254e-01  ;...
   7.2806e-01  8.8252e+00  5.6073e+00  -9.4420e+00  -7.0606e+00  5.9636e-01  5.9858e-01  ;...
   7.3723e-01  8.6651e+00  5.5844e+00  -9.2896e+00  -7.0476e+00  5.9026e-01  5.9450e-01  ;...
   7.4650e-01  8.5022e+00  5.5610e+00  -9.1358e+00  -7.0337e+00  5.8399e-01  5.9033e-01  ;...
   7.5590e-01  8.3368e+00  5.5371e+00  -8.9809e+00  -7.0189e+00  5.7756e-01  5.8605e-01  ;...
   7.6541e-01  8.1691e+00  5.5128e+00  -8.8250e+00  -7.0031e+00  5.7098e-01  5.8166e-01  ;...
   7.7504e-01  7.9994e+00  5.4881e+00  -8.6683e+00  -6.9862e+00  5.6425e-01  5.7716e-01  ;...
   7.8479e-01  7.8279e+00  5.4629e+00  -8.5112e+00  -6.9681e+00  5.5738e-01  5.7255e-01  ;...
   7.9467e-01  7.6549e+00  5.4373e+00  -8.3537e+00  -6.9488e+00  5.5038e-01  5.6783e-01  ;...
   8.0467e-01  7.4808e+00  5.4112e+00  -8.1962e+00  -6.9282e+00  5.4327e-01  5.6299e-01  ;...
   8.1479e-01  7.3058e+00  5.3847e+00  -8.0389e+00  -6.9062e+00  5.3604e-01  5.5804e-01  ;...
   8.2505e-01  7.1301e+00  5.3578e+00  -7.8820e+00  -6.8827e+00  5.2872e-01  5.5298e-01  ;...
   8.3543e-01  6.9540e+00  5.3305e+00  -7.7259e+00  -6.8576e+00  5.2131e-01  5.4779e-01  ;...
   8.4594e-01  6.7779e+00  5.3028e+00  -7.5708e+00  -6.8309e+00  5.1382e-01  5.4249e-01  ;...
   8.5658e-01  6.6019e+00  5.2747e+00  -7.4170e+00  -6.8024e+00  5.0626e-01  5.3707e-01  ;...
   8.6736e-01  6.4263e+00  5.2461e+00  -7.2648e+00  -6.7721e+00  4.9865e-01  5.3153e-01  ;...
   8.7828e-01  6.2514e+00  5.2172e+00  -7.1144e+00  -6.7399e+00  4.9099e-01  5.2587e-01  ;...
   8.8933e-01  6.0774e+00  5.1878e+00  -6.9663e+00  -6.7056e+00  4.8329e-01  5.2009e-01  ;...
   9.0052e-01  5.9045e+00  5.1581e+00  -6.8206e+00  -6.6693e+00  4.7557e-01  5.1419e-01  ;...
   9.1185e-01  5.7330e+00  5.1280e+00  -6.6777e+00  -6.6308e+00  4.6783e-01  5.0817e-01  ;...
   9.2332e-01  5.5630e+00  5.0976e+00  -6.5379e+00  -6.5900e+00  4.6008e-01  5.0204e-01  ;...
   9.3494e-01  5.3948e+00  5.0668e+00  -6.4015e+00  -6.5469e+00  4.5235e-01  4.9579e-01  ;...
   9.4670e-01  5.2286e+00  5.0356e+00  -6.2688e+00  -6.5015e+00  4.4462e-01  4.8942e-01  ;...
   9.5862e-01  5.0644e+00  5.0041e+00  -6.1400e+00  -6.4535e+00  4.3692e-01  4.8295e-01  ;...
   9.7068e-01  4.9026e+00  4.9723e+00  -6.0154e+00  -6.4031e+00  4.2925e-01  4.7636e-01  ;...
   9.8289e-01  4.7432e+00  4.9401e+00  -5.8953e+00  -6.3502e+00  4.2162e-01  4.6967e-01  ;...
   9.9526e-01  4.5864e+00  4.9076e+00  -5.7799e+00  -6.2947e+00  4.1404e-01  4.6288e-01  ;...
   1.0078e+00  4.4323e+00  4.8749e+00  -5.6694e+00  -6.2367e+00  4.0652e-01  4.5598e-01  ;...
   1.0205e+00  4.2810e+00  4.8418e+00  -5.5640e+00  -6.1761e+00  3.9906e-01  4.4899e-01  ;...
   1.0333e+00  4.1327e+00  4.8084e+00  -5.4640e+00  -6.1130e+00  3.9167e-01  4.4191e-01  ;...
   1.0463e+00  3.9873e+00  4.7748e+00  -5.3694e+00  -6.0473e+00  3.8436e-01  4.3475e-01  ;...
   1.0595e+00  3.8450e+00  4.7410e+00  -5.2803e+00  -5.9793e+00  3.7712e-01  4.2751e-01  ;...
   1.0728e+00  3.7059e+00  4.7068e+00  -5.1969e+00  -5.9089e+00  3.6997e-01  4.2019e-01  ;...
   1.0863e+00  3.5699e+00  4.6725e+00  -5.1191e+00  -5.8363e+00  3.6290e-01  4.1280e-01  ;...
   1.1000e+00  3.4372e+00  4.6379e+00  -5.0469e+00  -5.7615e+00  3.5593e-01  4.0536e-01  ;...
   1.1138e+00  3.3077e+00  4.6031e+00  -4.9803e+00  -5.6849e+00  3.4905e-01  3.9786e-01  ;...
   1.1278e+00  3.1816e+00  4.5680e+00  -4.9192e+00  -5.6065e+00  3.4227e-01  3.9031e-01  ;...
   1.1420e+00  3.0587e+00  4.5328e+00  -4.8634e+00  -5.5265e+00  3.3558e-01  3.8273e-01  ;...
   1.1564e+00  2.9391e+00  4.4975e+00  -4.8125e+00  -5.4453e+00  3.2898e-01  3.7511e-01  ;...
   1.1709e+00  2.8228e+00  4.4619e+00  -4.7663e+00  -5.3631e+00  3.2249e-01  3.6747e-01  ;...
   1.1857e+00  2.7098e+00  4.4262e+00  -4.7245e+00  -5.2801e+00  3.1608e-01  3.5982e-01  ;...
   1.2006e+00  2.6000e+00  4.3903e+00  -4.6866e+00  -5.1969e+00  3.0977e-01  3.5217e-01  ;...
   1.2157e+00  2.4934e+00  4.3543e+00  -4.6520e+00  -5.1136e+00  3.0355e-01  3.4451e-01  ;...
   1.2310e+00  2.3900e+00  4.3182e+00  -4.6202e+00  -5.0307e+00  2.9742e-01  3.3687e-01  ;...
   1.2465e+00  2.2897e+00  4.2819e+00  -4.5905e+00  -4.9486e+00  2.9137e-01  3.2925e-01  ;...
   1.2621e+00  2.1925e+00  4.2456e+00  -4.5621e+00  -4.8677e+00  2.8540e-01  3.2166e-01  ;...
   1.2780e+00  2.0983e+00  4.2092e+00  -4.5344e+00  -4.7883e+00  2.7952e-01  3.1410e-01  ;...
   1.2941e+00  2.0072e+00  4.1726e+00  -4.5064e+00  -4.7110e+00  2.7371e-01  3.0658e-01  ;...
   1.3104e+00  1.9189e+00  4.1361e+00  -4.4773e+00  -4.6360e+00  2.6797e-01  2.9912e-01  ;...
   1.3269e+00  1.8336e+00  4.0994e+00  -4.4465e+00  -4.5637e+00  2.6230e-01  2.9172e-01  ;...
   1.3436e+00  1.7510e+00  4.0627e+00  -4.4131e+00  -4.4945e+00  2.5670e-01  2.8438e-01  ;...
   1.3605e+00  1.6713e+00  4.0260e+00  -4.3765e+00  -4.4284e+00  2.5117e-01  2.7711e-01  ;...
   1.3776e+00  1.5942e+00  3.9893e+00  -4.3363e+00  -4.3656e+00  2.4569e-01  2.6991e-01  ;...
   1.3949e+00  1.5199e+00  3.9525e+00  -4.2924e+00  -4.3060e+00  2.4028e-01  2.6279e-01  ;...
   1.4125e+00  1.4481e+00  3.9157e+00  -4.2450e+00  -4.2494e+00  2.3494e-01  2.5576e-01  ;...
   1.4302e+00  1.3789e+00  3.8790e+00  -4.1947e+00  -4.1953e+00  2.2965e-01  2.4881e-01  ;...
   1.4482e+00  1.3123e+00  3.8423e+00  -4.1430e+00  -4.1430e+00  2.2443e-01  2.4196e-01  ;...
   1.4665e+00  1.2481e+00  3.8056e+00  -4.0915e+00  -4.0915e+00  2.1927e-01  2.3519e-01  ;...
   1.4849e+00  1.1863e+00  3.7689e+00  -4.0407e+00  -4.0407e+00  2.1417e-01  2.2853e-01  ;...
   1.5036e+00  1.1270e+00  3.7323e+00  -3.9905e+00  -3.9905e+00  2.0914e-01  2.2195e-01  ;...
   1.5225e+00  1.0700e+00  3.6957e+00  -3.9409e+00  -3.9409e+00  2.0418e-01  2.1548e-01  ;...
   1.5417e+00  1.0152e+00  3.6592e+00  -3.8919e+00  -3.8919e+00  1.9928e-01  2.0911e-01  ;...
   1.5611e+00  9.6267e-01  3.6228e+00  -3.8436e+00  -3.8436e+00  1.9445e-01  2.0284e-01  ;...
   1.5807e+00  9.1231e-01  3.5865e+00  -3.7958e+00  -3.7958e+00  1.8968e-01  1.9668e-01  ;...
   1.6006e+00  8.6406e-01  3.5503e+00  -3.7486e+00  -3.7486e+00  1.8499e-01  1.9062e-01  ;...
   1.6207e+00  8.1787e-01  3.5141e+00  -3.7021e+00  -3.7021e+00  1.8036e-01  1.8467e-01  ;...
   1.6411e+00  7.7368e-01  3.4781e+00  -3.6561e+00  -3.6561e+00  1.7580e-01  1.7883e-01  ;...
   1.6618e+00  7.3143e-01  3.4423e+00  -3.6106e+00  -3.6106e+00  1.7131e-01  1.7309e-01  ;...
   1.6827e+00  6.9107e-01  3.4065e+00  -3.5658e+00  -3.5658e+00  1.6689e-01  1.6747e-01  ;...
   1.7038e+00  6.5254e-01  3.3709e+00  -3.5215e+00  -3.5215e+00  1.6255e-01  1.6196e-01  ;...
   1.7253e+00  6.1578e-01  3.3354e+00  -3.4777e+00  -3.4777e+00  1.5827e-01  1.5656e-01  ;...
   1.7470e+00  5.8074e-01  3.3001e+00  -3.4345e+00  -3.4345e+00  1.5406e-01  1.5128e-01  ;...
   1.7689e+00  5.4735e-01  3.2650e+00  -3.3919e+00  -3.3919e+00  1.4992e-01  1.4610e-01  ;...
   1.7912e+00  5.1556e-01  3.2300e+00  -3.3497e+00  -3.3497e+00  1.4585e-01  1.4104e-01  ;...
   1.8137e+00  4.8532e-01  3.1952e+00  -3.3081e+00  -3.3081e+00  1.4185e-01  1.3610e-01  ;...
   1.8366e+00  4.5657e-01  3.1606e+00  -3.2670e+00  -3.2670e+00  1.3792e-01  1.3126e-01  ;...
   1.8597e+00  4.2925e-01  3.1262e+00  -3.2264e+00  -3.2264e+00  1.3407e-01  1.2654e-01  ;...
   1.8831e+00  4.0332e-01  3.0920e+00  -3.1863e+00  -3.1863e+00  1.3028e-01  1.2193e-01  ;...
   1.9067e+00  3.7871e-01  3.0580e+00  -3.1467e+00  -3.1467e+00  1.2656e-01  1.1744e-01  ;...
   1.9307e+00  3.5539e-01  3.0242e+00  -3.1076e+00  -3.1076e+00  1.2291e-01  1.1305e-01  ;...
   1.9550e+00  3.3328e-01  2.9906e+00  -3.0690e+00  -3.0690e+00  1.1934e-01  1.0878e-01  ;...
   1.9796e+00  3.1236e-01  2.9572e+00  -3.0309e+00  -3.0309e+00  1.1583e-01  1.0462e-01  ;...
   2.0045e+00  2.9256e-01  2.9241e+00  -2.9932e+00  -2.9932e+00  1.1239e-01  1.0057e-01  ;...
   2.0297e+00  2.7384e-01  2.8911e+00  -2.9560e+00  -2.9560e+00  1.0902e-01  9.6630e-02  ;...
   2.0553e+00  2.5616e-01  2.8585e+00  -2.9193e+00  -2.9193e+00  1.0572e-01  9.2797e-02  ;...
   2.0811e+00  2.3946e-01  2.8260e+00  -2.8831e+00  -2.8831e+00  1.0249e-01  8.9072e-02  ;...
   2.1073e+00  2.2370e-01  2.7938e+00  -2.8472e+00  -2.8472e+00  9.9322e-02  8.5454e-02  ;...
   2.1338e+00  2.0885e-01  2.7618e+00  -2.8119e+00  -2.8119e+00  9.6224e-02  8.1941e-02  ;...
   2.1607e+00  1.9486e-01  2.7301e+00  -2.7769e+00  -2.7769e+00  9.3193e-02  7.8531e-02  ;...
   2.1878e+00  1.8168e-01  2.6987e+00  -2.7424e+00  -2.7424e+00  9.0229e-02  7.5225e-02  ;...
   2.2154e+00  1.6928e-01  2.6675e+00  -2.7084e+00  -2.7084e+00  8.7330e-02  7.2021e-02  ;...
   2.2432e+00  1.5762e-01  2.6365e+00  -2.6747e+00  -2.6747e+00  8.4497e-02  6.8916e-02  ;...
   2.2715e+00  1.4667e-01  2.6058e+00  -2.6415e+00  -2.6415e+00  8.1729e-02  6.5911e-02  ;...
   2.3000e+00  1.3639e-01  2.5754e+00  -2.6087e+00  -2.6087e+00  7.9025e-02  6.3002e-02  ;...
   2.3290e+00  1.2674e-01  2.5453e+00  -2.5762e+00  -2.5762e+00  7.6385e-02  6.0189e-02  ;...
   2.3583e+00  1.1770e-01  2.5154e+00  -2.5442e+00  -2.5442e+00  7.3807e-02  5.7471e-02  ;...
   2.3879e+00  1.0922e-01  2.4858e+00  -2.5126e+00  -2.5126e+00  7.1292e-02  5.4844e-02  ;...
   2.4180e+00  1.0129e-01  2.4564e+00  -2.4814e+00  -2.4814e+00  6.8839e-02  5.2309e-02  ;...
   2.4484e+00  9.3867e-02  2.4274e+00  -2.4506e+00  -2.4506e+00  6.6447e-02  4.9862e-02  ;...
   2.4792e+00  8.6928e-02  2.3986e+00  -2.4201e+00  -2.4201e+00  6.4115e-02  4.7503e-02  ;...
   2.5104e+00  8.0445e-02  2.3700e+00  -2.3901e+00  -2.3901e+00  6.1842e-02  4.5230e-02  ;...
   2.5420e+00  7.4394e-02  2.3418e+00  -2.3604e+00  -2.3604e+00  5.9629e-02  4.3040e-02  ;...
   2.5739e+00  6.8749e-02  2.3138e+00  -2.3311e+00  -2.3311e+00  5.7473e-02  4.0932e-02  ;...
   2.6063e+00  6.3486e-02  2.2861e+00  -2.3021e+00  -2.3021e+00  5.5375e-02  3.8905e-02  ;...
   2.6391e+00  5.8585e-02  2.2587e+00  -2.2735e+00  -2.2735e+00  5.3333e-02  3.6955e-02  ;...
   2.6723e+00  5.4022e-02  2.2316e+00  -2.2453e+00  -2.2453e+00  5.1347e-02  3.5082e-02  ;...
   2.7059e+00  4.9778e-02  2.2047e+00  -2.2174e+00  -2.2174e+00  4.9417e-02  3.3284e-02  ;...
   2.7400e+00  4.5834e-02  2.1781e+00  -2.1898e+00  -2.1898e+00  4.7540e-02  3.1558e-02  ;...
   2.7744e+00  4.2171e-02  2.1518e+00  -2.1626e+00  -2.1626e+00  4.5716e-02  2.9903e-02  ;...
   2.8093e+00  3.8772e-02  2.1258e+00  -2.1357e+00  -2.1357e+00  4.3945e-02  2.8317e-02  ;...
   2.8447e+00  3.5620e-02  2.1000e+00  -2.1092e+00  -2.1092e+00  4.2226e-02  2.6797e-02  ;...
   2.8805e+00  3.2699e-02  2.0746e+00  -2.0830e+00  -2.0830e+00  4.0557e-02  2.5343e-02  ;...
   2.9167e+00  2.9994e-02  2.0494e+00  -2.0571e+00  -2.0571e+00  3.8939e-02  2.3952e-02  ;...
   2.9534e+00  2.7492e-02  2.0244e+00  -2.0316e+00  -2.0316e+00  3.7369e-02  2.2623e-02  ;...
   2.9905e+00  2.5179e-02  1.9998e+00  -2.0063e+00  -2.0063e+00  3.5848e-02  2.1353e-02  ;...
   3.0282e+00  2.3042e-02  1.9754e+00  -1.9814e+00  -1.9814e+00  3.4374e-02  2.0141e-02  ;...
   3.0663e+00  2.1070e-02  1.9513e+00  -1.9568e+00  -1.9568e+00  3.2946e-02  1.8985e-02  ;...
   3.1048e+00  1.9251e-02  1.9274e+00  -1.9325e+00  -1.9325e+00  3.1564e-02  1.7882e-02  ;...
   3.1439e+00  1.7575e-02  1.9038e+00  -1.9085e+00  -1.9085e+00  3.0227e-02  1.6832e-02  ;...
   3.1834e+00  1.6032e-02  1.8805e+00  -1.8848e+00  -1.8848e+00  2.8933e-02  1.5833e-02  ;...
   3.2235e+00  1.4612e-02  1.8575e+00  -1.8613e+00  -1.8613e+00  2.7682e-02  1.4882e-02  ;...
   3.2640e+00  1.3306e-02  1.8347e+00  -1.8382e+00  -1.8382e+00  2.6474e-02  1.3978e-02  ;...
   3.3051e+00  1.2107e-02  1.8121e+00  -1.8154e+00  -1.8154e+00  2.5306e-02  1.3120e-02  ;...
   3.3467e+00  1.1007e-02  1.7899e+00  -1.7928e+00  -1.7928e+00  2.4179e-02  1.2305e-02  ;...
   3.3888e+00  9.9976e-03  1.7679e+00  -1.7706e+00  -1.7706e+00  2.3091e-02  1.1532e-02  ;...
   3.4314e+00  9.0731e-03  1.7461e+00  -1.7486e+00  -1.7486e+00  2.2041e-02  1.0799e-02  ;...
   3.4746e+00  8.2268e-03  1.7246e+00  -1.7268e+00  -1.7268e+00  2.1029e-02  1.0106e-02  ;...
   3.5183e+00  7.4528e-03  1.7034e+00  -1.7054e+00  -1.7054e+00  2.0054e-02  9.4495e-03  ;...
   3.5625e+00  6.7455e-03  1.6824e+00  -1.6842e+00  -1.6842e+00  1.9115e-02  8.8289e-03  ;...
   3.6073e+00  6.0997e-03  1.6616e+00  -1.6633e+00  -1.6633e+00  1.8210e-02  8.2425e-03  ;...
   3.6527e+00  5.5107e-03  1.6411e+00  -1.6426e+00  -1.6426e+00  1.7340e-02  7.6890e-03  ;...
   3.6987e+00  4.9738e-03  1.6208e+00  -1.6222e+00  -1.6222e+00  1.6502e-02  7.1668e-03  ;...
   3.7452e+00  4.4850e-03  1.6008e+00  -1.6020e+00  -1.6020e+00  1.5697e-02  6.6747e-03  ;...
   3.7923e+00  4.0404e-03  1.5810e+00  -1.5821e+00  -1.5821e+00  1.4924e-02  6.2112e-03  ;...
   3.8400e+00  3.6363e-03  1.5615e+00  -1.5625e+00  -1.5625e+00  1.4181e-02  5.7751e-03  ;...
   3.8883e+00  3.2694e-03  1.5422e+00  -1.5431e+00  -1.5431e+00  1.3468e-02  5.3651e-03  ;...
   3.9372e+00  2.9366e-03  1.5231e+00  -1.5239e+00  -1.5239e+00  1.2784e-02  4.9799e-03  ;...
   3.9868e+00  2.6350e-03  1.5042e+00  -1.5050e+00  -1.5050e+00  1.2128e-02  4.6184e-03  ;...
   4.0369e+00  2.3620e-03  1.4856e+00  -1.4863e+00  -1.4863e+00  1.1499e-02  4.2794e-03  ;...
   4.0877e+00  2.1151e-03  1.4672e+00  -1.4678e+00  -1.4678e+00  1.0897e-02  3.9618e-03  ;...
   4.1391e+00  1.8920e-03  1.4490e+00  -1.4496e+00  -1.4496e+00  1.0320e-02  3.6644e-03  ;...
   4.1912e+00  1.6907e-03  1.4311e+00  -1.4316e+00  -1.4316e+00  9.7688e-03  3.3864e-03  ;...
   4.2439e+00  1.5091e-03  1.4134e+00  -1.4138e+00  -1.4138e+00  9.2413e-03  3.1266e-03  ;...
   4.2973e+00  1.3456e-03  1.3958e+00  -1.3962e+00  -1.3962e+00  8.7372e-03  2.8840e-03  ;...
   4.3514e+00  1.1985e-03  1.3785e+00  -1.3789e+00  -1.3789e+00  8.2557e-03  2.6578e-03  ;...
   4.4061e+00  1.0663e-03  1.3614e+00  -1.3618e+00  -1.3618e+00  7.7961e-03  2.4470e-03  ;...
   4.4615e+00  9.4756e-04  1.3446e+00  -1.3448e+00  -1.3448e+00  7.3576e-03  2.2507e-03  ;...
   4.5176e+00  8.4110e-04  1.3279e+00  -1.3281e+00  -1.3281e+00  6.9395e-03  2.0682e-03  ;...
   4.5745e+00  7.4574e-04  1.3114e+00  -1.3116e+00  -1.3116e+00  6.5412e-03  1.8987e-03  ;...
   4.6320e+00  6.6042e-04  1.2951e+00  -1.2953e+00  -1.2953e+00  6.1618e-03  1.7413e-03  ;...
   4.6903e+00  5.8416e-04  1.2791e+00  -1.2792e+00  -1.2792e+00  5.8008e-03  1.5953e-03  ;...
   4.7493e+00  5.1608e-04  1.2632e+00  -1.2633e+00  -1.2633e+00  5.4574e-03  1.4602e-03  ;...
   4.8090e+00  4.5538e-04  1.2475e+00  -1.2477e+00  -1.2477e+00  5.1310e-03  1.3351e-03  ;...
   4.8695e+00  4.0132e-04  1.2320e+00  -1.2322e+00  -1.2322e+00  4.8210e-03  1.2194e-03  ;...
   4.9308e+00  3.5324e-04  1.2167e+00  -1.2168e+00  -1.2168e+00  4.5267e-03  1.1126e-03  ;...
   4.9928e+00  3.1052e-04  1.2016e+00  -1.2017e+00  -1.2017e+00  4.2476e-03  1.0141e-03  ;...
   5.0556e+00  2.7262e-04  1.1867e+00  -1.1868e+00  -1.1868e+00  3.9829e-03  9.2330e-04  ;...
   5.1192e+00  2.3903e-04  1.1720e+00  -1.1721e+00  -1.1721e+00  3.7322e-03  8.3973e-04  ;...
   5.1836e+00  2.0930e-04  1.1574e+00  -1.1575e+00  -1.1575e+00  3.4949e-03  7.6288e-04  ;...
   5.2488e+00  1.8303e-04  1.1431e+00  -1.1431e+00  -1.1431e+00  3.2703e-03  6.9229e-04  ;...
   5.3148e+00  1.5984e-04  1.1289e+00  -1.1289e+00  -1.1289e+00  3.0580e-03  6.2753e-04  ;...
   5.3817e+00  1.3939e-04  1.1149e+00  -1.1149e+00  -1.1149e+00  2.8575e-03  5.6819e-04  ;...
   5.4494e+00  1.2139e-04  1.1010e+00  -1.1010e+00  -1.1010e+00  2.6681e-03  5.1386e-04  ;...
   5.5179e+00  1.0557e-04  1.0873e+00  -1.0874e+00  -1.0874e+00  2.4895e-03  4.6419e-04  ;...
   5.5873e+00  9.1674e-05  1.0738e+00  -1.0739e+00  -1.0739e+00  2.3211e-03  4.1882e-04  ;...
   5.6576e+00  7.9495e-05  1.0605e+00  -1.0605e+00  -1.0605e+00  2.1625e-03  3.7744e-04  ;...
   5.7288e+00  6.8833e-05  1.0473e+00  -1.0473e+00  -1.0473e+00  2.0132e-03  3.3974e-04  ;...
   5.8009e+00  5.9513e-05  1.0343e+00  -1.0343e+00  -1.0343e+00  1.8728e-03  3.0543e-04  ;...
   5.8738e+00  5.1377e-05  1.0215e+00  -1.0215e+00  -1.0215e+00  1.7408e-03  2.7425e-04  ;...
   5.9477e+00  4.4286e-05  1.0088e+00  -1.0088e+00  -1.0088e+00  1.6169e-03  2.4594e-04  ;...
   6.0225e+00  3.8115e-05  9.9625e-01  -9.9626e-01  -9.9626e-01  1.5006e-03  2.2028e-04  ;...
   6.0983e+00  3.2753e-05  9.8387e-01  -9.8388e-01  -9.8388e-01  1.3915e-03  1.9704e-04  ;...
   6.1750e+00  2.8100e-05  9.7165e-01  -9.7166e-01  -9.7166e-01  1.2893e-03  1.7603e-04  ;...
   6.2527e+00  2.4070e-05  9.5958e-01  -9.5959e-01  -9.5959e-01  1.1937e-03  1.5705e-04  ;...
   6.3313e+00  2.0585e-05  9.4766e-01  -9.4767e-01  -9.4767e-01  1.1042e-03  1.3993e-04  ;...
   6.4110e+00  1.7575e-05  9.3589e-01  -9.3590e-01  -9.3590e-01  1.0206e-03  1.2451e-04  ;...
   6.4916e+00  1.4981e-05  9.2427e-01  -9.2427e-01  -9.2427e-01  9.4247e-04  1.1064e-04  ;...
   6.5733e+00  1.2748e-05  9.1278e-01  -9.1279e-01  -9.1279e-01  8.6961e-04  9.8185e-05  ;...
   6.6560e+00  1.0829e-05  9.0145e-01  -9.0145e-01  -9.0145e-01  8.0169e-04  8.7008e-05  ;...
   6.7397e+00  9.1835e-06  8.9025e-01  -8.9025e-01  -8.9025e-01  7.3842e-04  7.6996e-05  ;...
   6.8245e+00  7.7743e-06  8.7919e-01  -8.7919e-01  -8.7919e-01  6.7955e-04  6.8039e-05  ;...
   6.9103e+00  6.5697e-06  8.6827e-01  -8.6827e-01  -8.6827e-01  6.2480e-04  6.0038e-05  ;...
   6.9972e+00  5.5418e-06  8.5748e-01  -8.5748e-01  -8.5748e-01  5.7395e-04  5.2900e-05  ;...
   7.0852e+00  4.6663e-06  8.4683e-01  -8.4683e-01  -8.4683e-01  5.2675e-04  4.6543e-05  ;...
   7.1744e+00  3.9219e-06  8.3631e-01  -8.3631e-01  -8.3631e-01  4.8299e-04  4.0889e-05  ;...
   7.2646e+00  3.2902e-06  8.2592e-01  -8.2592e-01  -8.2592e-01  4.4244e-04  3.5867e-05  ;...
   7.3560e+00  2.7550e-06  8.1566e-01  -8.1566e-01  -8.1566e-01  4.0491e-04  3.1415e-05  ;...
   7.4485e+00  2.3025e-06  8.0553e-01  -8.0553e-01  -8.0553e-01  3.7022e-04  2.7473e-05  ;...
   7.5422e+00  1.9206e-06  7.9552e-01  -7.9552e-01  -7.9552e-01  3.3816e-04  2.3988e-05  ;...
   7.6371e+00  1.5989e-06  7.8564e-01  -7.8564e-01  -7.8564e-01  3.0858e-04  2.0912e-05  ;...
   7.7332e+00  1.3285e-06  7.7588e-01  -7.7588e-01  -7.7588e-01  2.8130e-04  1.8201e-05  ;...
   7.8304e+00  1.1016e-06  7.6624e-01  -7.6624e-01  -7.6624e-01  2.5618e-04  1.5816e-05  ;...
   7.9289e+00  9.1163e-07  7.5672e-01  -7.5672e-01  -7.5672e-01  2.3307e-04  1.3721e-05  ;...
   8.0287e+00  7.5287e-07  7.4732e-01  -7.4732e-01  -7.4732e-01  2.1182e-04  1.1884e-05  ;...
   8.1297e+00  6.2047e-07  7.3804e-01  -7.3804e-01  -7.3804e-01  1.9231e-04  1.0276e-05  ;...
   8.2319e+00  5.1028e-07  7.2887e-01  -7.2887e-01  -7.2887e-01  1.7441e-04  8.8702e-06  ;...
   8.3355e+00  4.1877e-07  7.1981e-01  -7.1981e-01  -7.1981e-01  1.5801e-04  7.6437e-06  ;...
   8.4403e+00  3.4294e-07  7.1087e-01  -7.1087e-01  -7.1087e-01  1.4299e-04  6.5753e-06  ;...
   8.5465e+00  2.8022e-07  7.0204e-01  -7.0204e-01  -7.0204e-01  1.2926e-04  5.6463e-06  ;...
   8.6540e+00  2.2847e-07  6.9332e-01  -6.9332e-01  -6.9332e-01  1.1673e-04  4.8399e-06  ;...
   8.7629e+00  1.8587e-07  6.8471e-01  -6.8471e-01  -6.8471e-01  1.0529e-04  4.1413e-06  ;...
   8.8731e+00  1.5087e-07  6.7620e-01  -6.7620e-01  -6.7620e-01  9.4859e-05  3.5370e-06  ;...
   8.9847e+00  1.2218e-07  6.6780e-01  -6.6780e-01  -6.6780e-01  8.5367e-05  3.0153e-06  ;...
   9.0977e+00  9.8714e-08  6.5951e-01  -6.5951e-01  -6.5951e-01  7.6736e-05  2.5658e-06  ;...
   9.2122e+00  7.9571e-08  6.5131e-01  -6.5131e-01  -6.5131e-01  6.8897e-05  2.1792e-06  ;...
   9.3280e+00  6.3989e-08  6.4322e-01  -6.4322e-01  -6.4322e-01  6.1785e-05  1.8473e-06  ;...
   9.4454e+00  5.1335e-08  6.3523e-01  -6.3523e-01  -6.3523e-01  5.5341e-05  1.5629e-06  ;...
   9.5642e+00  4.1083e-08  6.2734e-01  -6.2734e-01  -6.2734e-01  4.9509e-05  1.3197e-06  ;...
   9.6845e+00  3.2798e-08  6.1955e-01  -6.1955e-01  -6.1955e-01  4.4237e-05  1.1121e-06  ;...
   9.8063e+00  2.6119e-08  6.1185e-01  -6.1185e-01  -6.1185e-01  3.9477e-05  9.3535e-07  ;...
   9.9297e+00  2.0748e-08  6.0425e-01  -6.0425e-01  -6.0425e-01  3.5185e-05  7.8506e-07  ;...
   1.0055e+01  1.6439e-08  5.9674e-01  -5.9674e-01  -5.9674e-01  3.1320e-05  6.5756e-07  ;...
   1.0181e+01  1.2992e-08  5.8933e-01  -5.8933e-01  -5.8933e-01  2.7843e-05  5.4962e-07  ;...
   1.0309e+01  1.0240e-08  5.8201e-01  -5.8201e-01  -5.8201e-01  2.4720e-05  4.5844e-07  ;...
   1.0439e+01  8.0506e-09  5.7478e-01  -5.7478e-01  -5.7478e-01  2.1918e-05  3.8156e-07  ;...
   1.0570e+01  6.3121e-09  5.6764e-01  -5.6764e-01  -5.6764e-01  1.9408e-05  3.1689e-07  ;...
   1.0703e+01  4.9356e-09  5.6059e-01  -5.6059e-01  -5.6059e-01  1.7162e-05  2.6261e-07  ;...
   1.0838e+01  3.8487e-09  5.5362e-01  -5.5362e-01  -5.5362e-01  1.5155e-05  2.1714e-07  ;...
   1.0974e+01  2.9929e-09  5.4675e-01  -5.4675e-01  -5.4675e-01  1.3364e-05  1.7915e-07  ;...
   1.1112e+01  2.3208e-09  5.3995e-01  -5.3995e-01  -5.3995e-01  1.1769e-05  1.4747e-07  ;...
   1.1252e+01  1.7945e-09  5.3325e-01  -5.3325e-01  -5.3325e-01  1.0349e-05  1.2110e-07  ;...
   1.1393e+01  1.3836e-09  5.2662e-01  -5.2662e-01  -5.2662e-01  9.0871e-06  9.9229e-08  ;...
   1.1537e+01  1.0637e-09  5.2008e-01  -5.2008e-01  -5.2008e-01  7.9675e-06  8.1111e-08  ;...
   1.1682e+01  8.1533e-10  5.1362e-01  -5.1362e-01  -5.1362e-01  6.9756e-06  6.6146e-08  ;...
   1.1829e+01  6.2309e-10  5.0724e-01  -5.0724e-01  -5.0724e-01  6.0981e-06  5.3810e-08  ;...
   1.1978e+01  4.7474e-10  5.0094e-01  -5.0094e-01  -5.0094e-01  5.3229e-06  4.3665e-08  ;...
   1.2128e+01  3.6060e-10  4.9471e-01  -4.9471e-01  -4.9471e-01  4.6391e-06  3.5347e-08  ;...
   1.2281e+01  2.7305e-10  4.8857e-01  -4.8857e-01  -4.8857e-01  4.0369e-06  2.8545e-08  ;...
   1.2435e+01  2.0611e-10  4.8250e-01  -4.8250e-01  -4.8250e-01  3.5073e-06  2.2991e-08  ;...
   1.2592e+01  1.5509e-10  4.7651e-01  -4.7651e-01  -4.7651e-01  3.0424e-06  1.8469e-08  ;...
   1.2750e+01  1.1632e-10  4.7059e-01  -4.7059e-01  -4.7059e-01  2.6348e-06  1.4800e-08  ;...
   1.2910e+01  8.6961e-11  4.6474e-01  -4.6474e-01  -4.6474e-01  2.2782e-06  1.1828e-08  ;...
   1.3073e+01  6.4797e-11  4.5897e-01  -4.5897e-01  -4.5897e-01  1.9665e-06  9.4280e-09  ;...
   1.3237e+01  4.8121e-11  4.5327e-01  -4.5327e-01  -4.5327e-01  1.6947e-06  7.4940e-09  ;...
   1.3404e+01  3.5615e-11  4.4764e-01  -4.4764e-01  -4.4764e-01  1.4580e-06  5.9424e-09  ;...
   1.3572e+01  2.6270e-11  4.4207e-01  -4.4207e-01  -4.4207e-01  1.2521e-06  4.6970e-09  ;...
   1.3743e+01  1.9309e-11  4.3658e-01  -4.3658e-01  -4.3658e-01  1.0735e-06  3.7037e-09  ;...
   1.3916e+01  1.4143e-11  4.3116e-01  -4.3116e-01  -4.3116e-01  9.1876e-07  2.9103e-09  ;...
   1.4091e+01  1.0322e-11  4.2580e-01  -4.2580e-01  -4.2580e-01  7.8491e-07  2.2816e-09  ;...
   1.4268e+01  7.5068e-12  4.2051e-01  -4.2051e-01  -4.2051e-01  6.6935e-07  1.7837e-09  ;...
   1.4448e+01  5.4393e-12  4.1529e-01  -4.1529e-01  -4.1529e-01  5.6977e-07  1.3878e-09  ;...
   1.4629e+01  3.9267e-12  4.1013e-01  -4.1013e-01  -4.1013e-01  4.8411e-07  1.0800e-09  ;...
   1.4813e+01  2.8241e-12  4.0504e-01  -4.0504e-01  -4.0504e-01  4.1055e-07  8.3708e-10  ;...
   1.5000e+01  2.0235e-12  4.0000e-01  -4.0000e-01  -4.0000e-01  3.4751e-07  6.4667e-10  ;...
   1.5188e+01  1.4442e-12  3.9504e-01  -3.9504e-01  -3.9504e-01  2.9359e-07  4.9709e-10  ;...
   1.5380e+01  1.0268e-12  3.9013e-01  -3.9013e-01  -3.9013e-01  2.4756e-07  3.8038e-10  ;...
   1.5573e+01  7.2718e-13  3.8528e-01  -3.8528e-01  -3.8528e-01  2.0833e-07  2.9217e-10  ;...
   1.5769e+01  5.1293e-13  3.8050e-01  -3.8050e-01  -3.8050e-01  1.7497e-07  2.2196e-10  ;...
   1.5967e+01  3.6035e-13  3.7577e-01  -3.7577e-01  -3.7577e-01  1.4665e-07  1.6910e-10  ;...
   1.6168e+01  2.5212e-13  3.7110e-01  -3.7110e-01  -3.7110e-01  1.2267e-07  1.2679e-10  ;...
   1.6371e+01  1.7567e-13  3.6649e-01  -3.6649e-01  -3.6649e-01  1.0239e-07  9.7731e-11  ;...
   1.6577e+01  1.2189e-13  3.6194e-01  -3.6194e-01  -3.6194e-01  8.5295e-08  7.2388e-11  ;...
   1.6786e+01  8.4219e-14  3.5744e-01  -3.5744e-01  -3.5744e-01  7.0898e-08  5.3616e-11  ;...
   1.6997e+01  5.7940e-14  3.5300e-01  -3.5300e-01  -3.5300e-01  5.8806e-08  4.1184e-11  ;...
   1.7211e+01  3.9687e-14  3.4862e-01  -3.4862e-01  -3.4862e-01  4.8668e-08  2.9051e-11  ;...
   1.7427e+01  2.7065e-14  3.4429e-01  -3.4429e-01  -3.4429e-01  4.0190e-08  2.2952e-11  ;...
   1.7647e+01  1.8375e-14  3.4001e-01  -3.4001e-01  -3.4001e-01  3.3118e-08  1.7000e-11  ;...
   1.7869e+01  1.2419e-14  3.3579e-01  -3.3579e-01  -3.3579e-01  2.7227e-08  1.1193e-11  ;...
   1.8093e+01  8.3555e-15  3.3161e-01  -3.3161e-01  -3.3161e-01  2.2330e-08  8.2904e-12  ;...
   1.8321e+01  5.5954e-15  3.2750e-01  -3.2750e-01  -3.2750e-01  1.8274e-08  5.4583e-12  ;...
   1.8551e+01  3.7296e-15  3.2343e-01  -3.2343e-01  -3.2343e-01  1.4920e-08  5.3904e-12  ;...
   1.8785e+01  2.4741e-15  3.1941e-01  -3.1941e-01  -3.1941e-01  1.2152e-08  2.6617e-12  ;...
   1.9021e+01  1.6334e-15  3.1544e-01  -3.1544e-01  -3.1544e-01  9.8743e-09  2.6287e-12  ;...
   1.9260e+01  1.0731e-15  3.1152e-01  -3.1152e-01  -3.1152e-01  8.0038e-09  2.5960e-12  ;...
   1.9502e+01  7.0155e-16  3.0765e-01  -3.0765e-01  -3.0765e-01  6.4713e-09  2.5638e-12  ;...
   1.9748e+01  4.5636e-16  3.0383e-01  -3.0383e-01  -3.0383e-01  5.2181e-09  0.0000e+00  ;...
   1.9996e+01  2.9536e-16  3.0006e-01  -3.0006e-01  -3.0006e-01  4.1979e-09  0.0000e+00  ;...
   2.0248e+01  1.9018e-16  2.9633e-01  -2.9633e-01  -2.9633e-01  3.3687e-09  0.0000e+00  ;...
   2.0502e+01  1.2182e-16  2.9265e-01  -2.9265e-01  -2.9265e-01  2.6953e-09  0.0000e+00  ;...
   2.0760e+01  7.7628e-17  2.8901e-01  -2.8901e-01  -2.8901e-01  2.1535e-09  0.0000e+00  ;...
   2.1021e+01  4.9203e-17  2.8542e-01  -2.8542e-01  -2.8542e-01  1.7130e-09  0.0000e+00  ;...
   2.1286e+01  3.1019e-17  2.8188e-01  -2.8188e-01  -2.8188e-01  1.3612e-09  0.0000e+00  ;...
   2.1554e+01  1.9449e-17  2.7838e-01  -2.7838e-01  -2.7838e-01  1.0768e-09  0.0000e+00  ;...
   2.1825e+01  1.2127e-17  2.7492e-01  -2.7492e-01  -2.7492e-01  8.5073e-10  0.0000e+00  ;...
   2.2099e+01  7.5196e-18  2.7150e-01  -2.7150e-01  -2.7150e-01  6.6992e-10  0.0000e+00  ;...
   2.2377e+01  4.6363e-18  2.6813e-01  -2.6813e-01  -2.6813e-01  5.2622e-10  0.0000e+00  ;...
   2.2659e+01  2.8422e-18  2.6480e-01  -2.6480e-01  -2.6480e-01  4.1186e-10  0.0000e+00  ;...
   2.2944e+01  1.7323e-18  2.6151e-01  -2.6151e-01  -2.6151e-01  3.2156e-10  0.0000e+00  ;...
   2.3232e+01  1.0496e-18  2.5826e-01  -2.5826e-01  -2.5826e-01  2.5027e-10  0.0000e+00  ;...
   2.3525e+01  6.3218e-19  2.5505e-01  -2.5505e-01  -2.5505e-01  1.9524e-10  0.0000e+00  ;...
   2.3820e+01  3.7848e-19  2.5188e-01  -2.5188e-01  -2.5188e-01  1.4974e-10  0.0000e+00  ;...
   2.4120e+01  2.2521e-19  2.4876e-01  -2.4876e-01  -2.4876e-01  1.1547e-10  0.0000e+00  ;...
   2.4423e+01  1.3318e-19  2.4567e-01  -2.4567e-01  -2.4567e-01  9.0024e-11  0.0000e+00  ;...
   2.4731e+01  7.8268e-20  2.4261e-01  -2.4261e-01  -2.4261e-01  6.9149e-11  0.0000e+00  ;...
   2.5042e+01  4.5705e-20  2.3960e-01  -2.3960e-01  -2.3960e-01  5.2681e-11  0.0000e+00  ;...
   2.5357e+01  2.6519e-20  2.3662e-01  -2.3662e-01  -2.3662e-01  4.0465e-11  0.0000e+00  ;...
   2.5676e+01  1.5287e-20  2.3368e-01  -2.3368e-01  -2.3368e-01  3.0448e-11  0.0000e+00  ;...
   2.5999e+01  8.7546e-21  2.3078e-01  -2.3078e-01  -2.3078e-01  2.2552e-11  0.0000e+00  ;...
   2.6326e+01  4.9802e-21  2.2791e-01  -2.2791e-01  -2.2791e-01  1.6704e-11  0.0000e+00  ;...
   2.6657e+01  2.8140e-21  2.2508e-01  -2.2508e-01  -2.2508e-01  1.2831e-11  0.0000e+00  ;...
   2.6992e+01  1.5792e-21  2.2229e-01  -2.2229e-01  -2.2229e-01  9.0508e-12  0.0000e+00  ;...
   2.7332e+01  8.8011e-22  2.1953e-01  -2.1953e-01  -2.1953e-01  7.1507e-12  0.0000e+00  ;...
   2.7675e+01  4.8707e-22  2.1680e-01  -2.1680e-01  -2.1680e-01  5.2964e-12  0.0000e+00  ;...
   2.8024e+01  2.6765e-22  2.1411e-01  -2.1411e-01  -2.1411e-01  3.4871e-12  0.0000e+00  ;...
   2.8376e+01  1.4602e-22  2.1145e-01  -2.1145e-01  -2.1145e-01  3.4438e-12  0.0000e+00  ;...
   2.8733e+01  7.9084e-23  2.0882e-01  -2.0882e-01  -2.0882e-01  1.7005e-12  0.0000e+00  ;...
   2.9094e+01  4.2518e-23  2.0622e-01  -2.0622e-01  -2.0622e-01  1.6794e-12  0.0000e+00  ;...
   2.9460e+01  2.2689e-23  2.0366e-01  -2.0366e-01  -2.0366e-01  1.6585e-12  0.0000e+00  ;...
   2.9831e+01  1.2016e-23  2.0113e-01  -2.0113e-01  -2.0113e-01  1.6379e-12  0.0000e+00  ;...
   3.0206e+01  6.3153e-24  1.9863e-01  -1.9863e-01  -1.9863e-01  0.0000e+00  0.0000e+00  ;...
   3.0586e+01  3.2935e-24  1.9617e-01  -1.9617e-01  -1.9617e-01  0.0000e+00  0.0000e+00  ;...
   3.0971e+01  1.7041e-24  1.9373e-01  -1.9373e-01  -1.9373e-01  0.0000e+00  0.0000e+00  ;...
   3.1360e+01  8.7479e-25  1.9132e-01  -1.9132e-01  -1.9132e-01  0.0000e+00  0.0000e+00  ;...
   3.1755e+01  4.4546e-25  1.8895e-01  -1.8895e-01  -1.8895e-01  0.0000e+00  0.0000e+00  ;...
   3.2154e+01  2.2499e-25  1.8660e-01  -1.8660e-01  -1.8660e-01  0.0000e+00  0.0000e+00  ;...
   3.2559e+01  1.1270e-25  1.8428e-01  -1.8428e-01  -1.8428e-01  0.0000e+00  0.0000e+00  ;...
   3.2968e+01  5.5987e-26  1.8199e-01  -1.8199e-01  -1.8199e-01  0.0000e+00  0.0000e+00  ;...
   3.3383e+01  2.7578e-26  1.7973e-01  -1.7973e-01  -1.7973e-01  0.0000e+00  0.0000e+00  ;...
   3.3803e+01  1.3468e-26  1.7750e-01  -1.7750e-01  -1.7750e-01  0.0000e+00  0.0000e+00  ;...
   3.4228e+01  6.5205e-27  1.7529e-01  -1.7529e-01  -1.7529e-01  0.0000e+00  0.0000e+00  ;...
   3.4659e+01  3.1292e-27  1.7312e-01  -1.7312e-01  -1.7312e-01  0.0000e+00  0.0000e+00  ;...
   3.5095e+01  1.4884e-27  1.7097e-01  -1.7097e-01  -1.7097e-01  0.0000e+00  0.0000e+00  ;...
   3.5536e+01  7.0164e-28  1.6884e-01  -1.6884e-01  -1.6884e-01  0.0000e+00  0.0000e+00  ;...
   3.5983e+01  3.2774e-28  1.6674e-01  -1.6674e-01  -1.6674e-01  0.0000e+00  0.0000e+00  ;...
   3.6436e+01  1.5168e-28  1.6467e-01  -1.6467e-01  -1.6467e-01  0.0000e+00  0.0000e+00  ;...
   3.6894e+01  6.9546e-29  1.6263e-01  -1.6263e-01  -1.6263e-01  0.0000e+00  0.0000e+00  ;...
   3.7358e+01  3.1586e-29  1.6061e-01  -1.6061e-01  -1.6061e-01  0.0000e+00  0.0000e+00  ;...
   3.7828e+01  1.4209e-29  1.5861e-01  -1.5861e-01  -1.5861e-01  0.0000e+00  0.0000e+00  ;...
   3.8304e+01  6.3297e-30  1.5664e-01  -1.5664e-01  -1.5664e-01  0.0000e+00  0.0000e+00  ;...
   3.8786e+01  2.7922e-30  1.5470e-01  -1.5470e-01  -1.5470e-01  0.0000e+00  0.0000e+00  ;...
   3.9274e+01  1.2195e-30  1.5277e-01  -1.5277e-01  -1.5277e-01  0.0000e+00  0.0000e+00  ;...
   3.9768e+01  5.2727e-31  1.5088e-01  -1.5088e-01  -1.5088e-01  0.0000e+00  0.0000e+00  ;...
   4.0268e+01  2.2566e-31  1.4900e-01  -1.4900e-01  -1.4900e-01  0.0000e+00  0.0000e+00  ;...
   4.0774e+01  9.5581e-32  1.4715e-01  -1.4715e-01  -1.4715e-01  0.0000e+00  0.0000e+00  ;...
   4.1287e+01  4.0063e-32  1.4532e-01  -1.4532e-01  -1.4532e-01  0.0000e+00  0.0000e+00  ;...
   4.1806e+01  1.6615e-32  1.4352e-01  -1.4352e-01  -1.4352e-01  0.0000e+00  0.0000e+00  ;...
   4.2332e+01  6.8173e-33  1.4174e-01  -1.4174e-01  -1.4174e-01  0.0000e+00  0.0000e+00  ;...
   4.2865e+01  2.7669e-33  1.3997e-01  -1.3997e-01  -1.3997e-01  0.0000e+00  0.0000e+00  ;...
   4.3404e+01  1.1107e-33  1.3824e-01  -1.3824e-01  -1.3824e-01  0.0000e+00  0.0000e+00  ;...
   4.3950e+01  4.4089e-34  1.3652e-01  -1.3652e-01  -1.3652e-01  0.0000e+00  0.0000e+00  ;...
   4.4503e+01  1.7305e-34  1.3482e-01  -1.3482e-01  -1.3482e-01  0.0000e+00  0.0000e+00  ;...
   4.5063e+01  6.7150e-35  1.3315e-01  -1.3315e-01  -1.3315e-01  0.0000e+00  0.0000e+00  ;...
   4.5629e+01  2.5757e-35  1.3149e-01  -1.3149e-01  -1.3149e-01  0.0000e+00  0.0000e+00  ;...
   4.6203e+01  9.7644e-36  1.2986e-01  -1.2986e-01  -1.2986e-01  0.0000e+00  0.0000e+00  ;...
   4.6784e+01  3.6580e-36  1.2825e-01  -1.2825e-01  -1.2825e-01  0.0000e+00  0.0000e+00  ;...
   4.7373e+01  1.3540e-36  1.2665e-01  -1.2665e-01  -1.2665e-01  0.0000e+00  0.0000e+00  ;...
   4.7969e+01  4.9510e-37  1.2508e-01  -1.2508e-01  -1.2508e-01  0.0000e+00  0.0000e+00  ;...
   4.8572e+01  1.7882e-37  1.2353e-01  -1.2353e-01  -1.2353e-01  0.0000e+00  0.0000e+00  ;...
   4.9183e+01  6.3786e-38  1.2199e-01  -1.2199e-01  -1.2199e-01  0.0000e+00  0.0000e+00  ;...
   4.9802e+01  2.2467e-38  1.2048e-01  -1.2048e-01  -1.2048e-01  0.0000e+00  0.0000e+00  ;...
   5.0428e+01  7.8124e-39  1.1898e-01  -1.1898e-01  -1.1898e-01  0.0000e+00  0.0000e+00  ;...
   5.1063e+01  2.6817e-39  1.1750e-01  -1.1750e-01  -1.1750e-01  0.0000e+00  0.0000e+00  ;...
   5.1705e+01  9.0850e-40  1.1604e-01  -1.1604e-01  -1.1604e-01  0.0000e+00  0.0000e+00  ;...
   5.2355e+01  3.0371e-40  1.1460e-01  -1.1460e-01  -1.1460e-01  0.0000e+00  0.0000e+00  ;...
   5.3014e+01  1.0018e-40  1.1318e-01  -1.1318e-01  -1.1318e-01  0.0000e+00  0.0000e+00  ;...
   5.3681e+01  3.2594e-41  1.1177e-01  -1.1177e-01  -1.1177e-01  0.0000e+00  0.0000e+00  ;...
   5.4356e+01  1.0459e-41  1.1038e-01  -1.1038e-01  -1.1038e-01  0.0000e+00  0.0000e+00  ;...
   5.5040e+01  3.3099e-42  1.0901e-01  -1.0901e-01  -1.0901e-01  0.0000e+00  0.0000e+00  ;...
   5.5732e+01  1.0327e-42  1.0766e-01  -1.0766e-01  -1.0766e-01  0.0000e+00  0.0000e+00  ;...
   5.6433e+01  3.1761e-43  1.0632e-01  -1.0632e-01  -1.0632e-01  0.0000e+00  0.0000e+00  ;...
   5.7143e+01  9.6278e-44  1.0500e-01  -1.0500e-01  -1.0500e-01  0.0000e+00  0.0000e+00  ;...
   5.7862e+01  2.8758e-44  1.0370e-01  -1.0370e-01  -1.0370e-01  0.0000e+00  0.0000e+00  ;...
   5.8589e+01  8.4633e-45  1.0241e-01  -1.0241e-01  -1.0241e-01  0.0000e+00  0.0000e+00  ;...
   5.9326e+01  2.4534e-45  1.0114e-01  -1.0114e-01  -1.0114e-01  0.0000e+00  0.0000e+00  ;...
   6.0073e+01  7.0043e-46  9.9879e-02  -9.9879e-02  -9.9879e-02  0.0000e+00  0.0000e+00  ;...
   6.0828e+01  1.9690e-46  9.8638e-02  -9.8638e-02  -9.8638e-02  0.0000e+00  0.0000e+00  ;...
   6.1593e+01  5.4491e-47  9.7413e-02  -9.7413e-02  -9.7413e-02  0.0000e+00  0.0000e+00  ;...
   6.2368e+01  1.4843e-47  9.6203e-02  -9.6203e-02  -9.6203e-02  0.0000e+00  0.0000e+00  ;...
   6.3153e+01  3.9788e-48  9.5008e-02  -9.5008e-02  -9.5008e-02  0.0000e+00  0.0000e+00  ;...
   6.3947e+01  1.0493e-48  9.3828e-02  -9.3828e-02  -9.3828e-02  0.0000e+00  0.0000e+00  ;...
   6.4751e+01  2.7223e-49  9.2662e-02  -9.2662e-02  -9.2662e-02  0.0000e+00  0.0000e+00  ;...
   6.5566e+01  6.9457e-50  9.1511e-02  -9.1511e-02  -9.1511e-02  0.0000e+00  0.0000e+00  ;...
   6.6390e+01  1.7425e-50  9.0374e-02  -9.0374e-02  -9.0374e-02  0.0000e+00  0.0000e+00  ;...
   6.7226e+01  4.2972e-51  8.9252e-02  -8.9252e-02  -8.9252e-02  0.0000e+00  0.0000e+00  ;...
   6.8071e+01  1.0416e-51  8.8143e-02  -8.8143e-02  -8.8143e-02  0.0000e+00  0.0000e+00  ;...
   6.8927e+01  2.4807e-52  8.7048e-02  -8.7048e-02  -8.7048e-02  0.0000e+00  0.0000e+00  ;...
   6.9794e+01  5.8044e-53  8.5967e-02  -8.5967e-02  -8.5967e-02  0.0000e+00  0.0000e+00  ;...
   7.0672e+01  1.3339e-53  8.4899e-02  -8.4899e-02  -8.4899e-02  0.0000e+00  0.0000e+00  ;...
   7.1561e+01  3.0102e-54  8.3844e-02  -8.3844e-02  -8.3844e-02  0.0000e+00  0.0000e+00  ;...
   7.2461e+01  6.6691e-55  8.2803e-02  -8.2803e-02  -8.2803e-02  0.0000e+00  0.0000e+00  ;...
   7.3373e+01  1.4502e-55  8.1774e-02  -8.1774e-02  -8.1774e-02  0.0000e+00  0.0000e+00  ;...
   7.4296e+01  3.0943e-56  8.0758e-02  -8.0758e-02  -8.0758e-02  0.0000e+00  0.0000e+00  ;...
   7.5230e+01  6.4775e-57  7.9755e-02  -7.9755e-02  -7.9755e-02  0.0000e+00  0.0000e+00  ;...
   7.6177e+01  1.3299e-57  7.8764e-02  -7.8764e-02  -7.8764e-02  0.0000e+00  0.0000e+00  ;...
   7.7135e+01  2.6774e-58  7.7786e-02  -7.7786e-02  -7.7786e-02  0.0000e+00  0.0000e+00  ;...
   7.8105e+01  5.2841e-59  7.6820e-02  -7.6820e-02  -7.6820e-02  0.0000e+00  0.0000e+00  ;...
   7.9087e+01  1.0221e-59  7.5865e-02  -7.5865e-02  -7.5865e-02  0.0000e+00  0.0000e+00  ;...
   8.0082e+01  1.9372e-60  7.4923e-02  -7.4923e-02  -7.4923e-02  0.0000e+00  0.0000e+00  ;...
   8.1090e+01  3.5964e-61  7.3992e-02  -7.3992e-02  -7.3992e-02  0.0000e+00  0.0000e+00  ;...
   8.2110e+01  6.5389e-62  7.3073e-02  -7.3073e-02  -7.3073e-02  0.0000e+00  0.0000e+00  ;...
   8.3142e+01  1.1640e-62  7.2165e-02  -7.2165e-02  -7.2165e-02  0.0000e+00  0.0000e+00  ;...
   8.4188e+01  2.0281e-63  7.1269e-02  -7.1269e-02  -7.1269e-02  0.0000e+00  0.0000e+00  ;...
   8.5247e+01  3.4578e-64  7.0384e-02  -7.0384e-02  -7.0384e-02  0.0000e+00  0.0000e+00  ;...
   8.6319e+01  5.7673e-65  6.9509e-02  -6.9509e-02  -6.9509e-02  0.0000e+00  0.0000e+00  ;...
   8.7405e+01  9.4077e-66  6.8646e-02  -6.8646e-02  -6.8646e-02  0.0000e+00  0.0000e+00  ;...
   8.8505e+01  1.5004e-66  6.7793e-02  -6.7793e-02  -6.7793e-02  0.0000e+00  0.0000e+00  ;...
   8.9618e+01  2.3390e-67  6.6951e-02  -6.6951e-02  -6.6951e-02  0.0000e+00  0.0000e+00  ;...
   9.0745e+01  3.5632e-68  6.6119e-02  -6.6119e-02  -6.6119e-02  0.0000e+00  0.0000e+00  ;...
   9.1887e+01  5.3025e-69  6.5298e-02  -6.5298e-02  -6.5298e-02  0.0000e+00  0.0000e+00  ;...
   9.3042e+01  7.7062e-70  6.4487e-02  -6.4487e-02  -6.4487e-02  0.0000e+00  0.0000e+00  ;...
   9.4213e+01  1.0934e-70  6.3686e-02  -6.3686e-02  -6.3686e-02  0.0000e+00  0.0000e+00  ;...
   9.5398e+01  1.5143e-71  6.2895e-02  -6.2895e-02  -6.2895e-02  0.0000e+00  0.0000e+00  ;...
   9.6598e+01  2.0462e-72  6.2113e-02  -6.2113e-02  -6.2113e-02  0.0000e+00  0.0000e+00  ;...
   9.7813e+01  2.6971e-73  6.1342e-02  -6.1342e-02  -6.1342e-02  0.0000e+00  0.0000e+00  ;...
   9.9043e+01  3.4666e-74  6.0580e-02  -6.0580e-02  -6.0580e-02  0.0000e+00  0.0000e+00  ;...
   1.0029e+02  4.3435e-75  5.9827e-02  -5.9827e-02  -5.9827e-02  0.0000e+00  0.0000e+00  ;...
   1.0155e+02  5.3035e-76  5.9084e-02  -5.9084e-02  -5.9084e-02  0.0000e+00  0.0000e+00  ;...
   1.0283e+02  6.3087e-77  5.8350e-02  -5.8350e-02  -5.8350e-02  0.0000e+00  0.0000e+00  ;...
   1.0412e+02  7.3085e-78  5.7625e-02  -5.7625e-02  -5.7625e-02  0.0000e+00  0.0000e+00  ;...
   1.0543e+02  8.2431e-79  5.6909e-02  -5.6909e-02  -5.6909e-02  0.0000e+00  0.0000e+00  ;...
   1.0676e+02  9.0487e-80  5.6202e-02  -5.6202e-02  -5.6202e-02  0.0000e+00  0.0000e+00  ;...
   1.0810e+02  9.6642e-81  5.5504e-02  -5.5504e-02  -5.5504e-02  0.0000e+00  0.0000e+00  ;...
   1.0946e+02  1.0039e-81  5.4815e-02  -5.4815e-02  -5.4815e-02  0.0000e+00  0.0000e+00  ;...
   1.1084e+02  1.0139e-82  5.4134e-02  -5.4134e-02  -5.4134e-02  0.0000e+00  0.0000e+00  ;...
   1.1223e+02  9.9529e-84  5.3461e-02  -5.3461e-02  -5.3461e-02  0.0000e+00  0.0000e+00  ;...
   1.1364e+02  9.4965e-85  5.2797e-02  -5.2797e-02  -5.2797e-02  0.0000e+00  0.0000e+00  ;...
   1.1507e+02  8.8214e-86  5.2141e-02  -5.2141e-02  -5.2141e-02  0.0000e+00  0.0000e+00  ;...
   1.1652e+02  7.9555e-87  5.1494e-02  -5.1494e-02  -5.1494e-02  0.0000e+00  0.0000e+00  ;...
   ];