    1     -1.7922180288       -24.3843773683   1.00
    2     -1.7571627435       -23.9074257415   1.00
    3     -1.7567143180       -23.9013245984   1.00
    4     -1.7518998607       -23.8358205460   1.00
    5     -1.6878865108       -22.9648742361   1.00
    6     -1.6865594339       -22.9468184283   1.00
    7     -1.6850127636       -22.9257748985   1.00
    8     -1.6830311936       -22.8988142554   1.00
    9     -1.6827660124       -22.8952062803   1.00
   10     -1.6154635048       -21.9795086835   1.00
   11     -1.6133772920       -21.9511243010   1.00
   12     -1.6126090918       -21.9406724009   1.00
   13     -1.5506524927       -21.0977096213   1.00
   14     -1.5498592696       -21.0869172676   1.00
   15     -1.5473849638       -21.0532526091   1.00
   16     -1.5466393146       -21.0431075312   1.00
   17     -1.4622326119       -19.8946954198   1.00
   18     -1.4601424107       -19.8662567732   1.00
   19     -1.4591633144       -19.8529354846   1.00
   20     -1.4579703862       -19.8367048638   1.00
   21     -1.4578727893       -19.8353769897   1.00
   22     -1.4251749460       -19.3905000071   1.00
   23     -1.4229076873       -19.3596523695   1.00
   24     -1.4223115276       -19.3515412004   1.00
   25     -1.4221246286       -19.3489983095   1.00
   26     -1.3185039127       -17.9391661354   1.00
   27     -1.3165970867       -17.9132224359   1.00
   28     -1.3160742219       -17.9061084962   1.00
   29     -1.3146633433       -17.8869125076   1.00
   30     -1.3121334770       -17.8524919109   1.00
   31     -1.3079265889       -17.7952542617   1.00
   32     -1.3076407187       -17.7913647968   1.00
   33     -1.3070333740       -17.7831014482   1.00
   34     -1.2329463205       -16.7750953685   1.00
   35     -1.2313810169       -16.7537983199   1.00
   36     -1.2304865922       -16.7416290483   1.00
   37     -1.1613837404       -15.8014365109   1.00
   38     -1.1575605046       -15.7494187189   1.00
   39     -1.1558319265       -15.7259002067   1.00
   40     -1.1551046399       -15.7160049655   1.00
   41     -1.1531301319       -15.6891404049   1.00
   42     -1.1464361945       -15.5980647144   1.00
   43     -1.1456648197       -15.5875696218   1.00
   44     -1.1443390410       -15.5695314766   1.00
   45     -1.1307544721       -15.3847039347   1.00
   46     -1.0423735854       -14.1822202754   1.00
   47     -1.0366926487       -14.1049271651   1.00
   48     -1.0359030699       -14.0941843945   1.00
   49     -1.0343921371       -14.0736270991   1.00
   50     -0.9871375316       -13.4306952046   1.00
   51     -0.9867334191       -13.4251969722   1.00
   52     -0.9857377228       -13.4116498288   1.00
   53     -0.9824661350       -13.3671375932   1.00
   54     -0.9813622676       -13.3521187057   1.00
   55     -0.9714179962       -13.2168199523   1.00
   56     -0.9709778840       -13.2108319189   1.00
   57     -0.9695941711       -13.1920055381   1.00
   58     -0.9239208798       -12.5705885274   1.00
   59     -0.9212687619       -12.5345046123   1.00
   60     -0.9211345224       -12.5326781893   1.00
   61     -0.9131759961       -12.4243968834   1.00
   62     -0.8752163251       -11.9079290616   1.00
   63     -0.8749465202       -11.9042581782   1.00
   64     -0.8729152421       -11.8766212217   1.00
   65     -0.8720474808       -11.8648147231   1.00
   66     -0.8712308488       -11.8537038747   1.00
   67     -0.8697681528       -11.8338028745   1.00
   68     -0.8680008577       -11.8097575907   1.00
   69     -0.8502736925       -11.5685671342   1.00
   70     -0.8462143967       -11.5133375800   1.00
   71     -0.8393674654       -11.4201803001   1.00
   72     -0.8377348262       -11.3979671045   1.00
   73     -0.8361848185       -11.3768781682   1.00
   74     -0.8191658383       -11.1453230614   1.00
   75     -0.8109093823       -11.0329882151   1.00
   76     -0.8105166801       -11.0276452270   1.00
   77     -0.8097119107       -11.0166957774   1.00
   78     -0.7940395679       -10.8034626130   1.00
   79     -0.7931693175       -10.7916222492   1.00
   80     -0.7925207605       -10.7827981789   1.00
   81     -0.7921628992       -10.7779292257   1.00
   82     -0.7911102103       -10.7636066579   1.00
   83     -0.7907974600       -10.7593514717   1.00
   84     -0.7889783215       -10.7346008233   1.00
   85     -0.7888912792       -10.7334165513   1.00
   86     -0.7663486171       -10.4267078969   1.00
   87     -0.7631314349       -10.3829358876   1.00
   88     -0.7615004472       -10.3607451623   1.00
   89     -0.7569330356       -10.2986023380   1.00
   90     -0.6999862971        -9.5238022090   1.00
   91     -0.6995969655        -9.5185050799   1.00
   92     -0.6988714742        -9.5086342647   1.00
   93     -0.6935256134        -9.4359000974   1.00
   94     -0.6884976525        -9.3674911793   1.00
   95     -0.6844184066        -9.3119901914   1.00
   96     -0.6833373755        -9.2972820089   1.00
   97     -0.6832359103        -9.2959015028   1.00
   98     -0.6682269520        -9.0916941480   1.00
   99     -0.6678793026        -9.0869641359   1.00
  100     -0.6660619293        -9.0622375036   1.00
  101     -0.6616482754        -9.0021866614   1.00
  102     -0.6585977510        -8.9606821474   1.00
  103     -0.6577011807        -8.9484836829   1.00
  104     -0.6575124120        -8.9459153525   1.00
  105     -0.6569298306        -8.9379889257   1.00
  106     -0.6562744643        -8.9290722099   1.00
  107     -0.5484841460        -7.4625096845   1.00
  108     -0.5478148990        -7.4534041112   1.00
  109     -0.5470318642        -7.4427503770   1.00
  110     -0.5464861292        -7.4353252709   1.00
  111     -0.5455179017        -7.4221518598   1.00
  112     -0.5396509144        -7.3423274018   1.00
  113     -0.5386018381        -7.3280539866   1.00
  114     -0.5380321451        -7.3203029164   1.00
  115     -0.5359704134        -7.2922516174   1.00
  116     -0.4570458679        -6.2184280813   1.00
  117     -0.4561861972        -6.2067316605   1.00
  118     -0.4557953954        -6.2014145290   1.00
  119     -0.4542505425        -6.1803957279   1.00
  120     -0.4535928928        -6.1714479437   1.00
  121     -0.3427064721        -4.6627607842   0.00
  122     -0.3391345657        -4.6141625050   0.00
  123     -0.3367834268        -4.5821736183   0.00
  124     -0.2668508687        -3.6306923476   0.00
  125     -0.2611603158        -3.5532684043   0.00
  126     -0.2605537838        -3.5450161117   0.00
  127     -0.1962060365        -2.6695200914   0.00
  128     -0.1955988620        -2.6612590581   0.00
  129     -0.1945419633        -2.6468792144   0.00
  130     -0.1864766511        -2.5371450110   0.00
  131     -0.1835425737        -2.4972248406   0.00
  132     -0.1827983861        -2.4870996477   0.00
  133     -0.1793136000        -2.4396867011   0.00
  134     -0.1783097474        -2.4260285860   0.00
  135     -0.0883865701        -1.2025609859   0.00
  136     -0.0818486079        -1.1136074460   0.00
  137     -0.0807509477        -1.0986730132   0.00
  138     -0.0790018462        -1.0748752666   0.00
  139     -0.0781215586        -1.0628983394   0.00
  140     -0.0763242439        -1.0384446172   0.00
  141     -0.0525916529        -0.7155461496   0.00
  142     -0.0509221918        -0.6928319666   0.00
  143     -0.0461961964        -0.6285315000   0.00
  144     -0.0459240850        -0.6248292342   0.00
  145     -0.0015739600        -0.0214148244   0.00
  146      0.0069019438         0.0939057639   0.00
  147      0.0074587449         0.1014814307   0.00
  148      0.0075123558         0.1022108451   0.00
  149      0.0088263745         0.1200889861   0.00
  150      0.0102240191         0.1391049164   0.00
